Vessel Name: AS_P29
Date Time	Elapsed	A1	B1	C1	D1	A2	B2	C2	D2	A3	B3	C3	D3	A4	B4	C4	D4	A5	B5	C5	D5	A6	B6	C6	D6
9/11/2023 11:50:00 AM	0	31.4321	32.42569	31.01278	32.18347	31.44848	32.04176	31.28829	31.42094	29.70007	32.24715	30.73503	31.78049	31.53294	31.52794	31.85544	31.91192	32.64141	32.34254	33.21878	32.15062	34.0601	32.64079	33.08623	32.08947
9/11/2023 2:00:00 PM	2.16666666666667	32.62558	33.32115	32.6044	32.0732	32.55966	32.88168	32.0049	32.34021	30.76292	32.42638	31.18305	32.41366	23.34142	22.82778	22.66247	22.45065	31.22817	30.22665	30.96912	29.13085	25.20885	22.94294	23.23115	23.166
9/11/2023 6:00:00 PM	6.16666666666667	28.68064	29.21873	29.78357	28.54569	28.90719	28.67672	28.94898	29.30959	27.03441	28.1625	27.97866	29.15248	16.00238	15.28682	15.48171	15.63307	24.10697	23.70006	24.24047	23.2252	17.24816	16.41973	16.60273	16.22644
9/11/2023 10:00:00 PM	10.1666666666667	26.61412	27.90431	27.91349	26.51114	28.91399	28.96887	29.35487	29.31276	25.92857	26.61965	26.63149	28.0787	10.97413	10.30897	10.4596	10.94713	21.36386	21.34207	21.05927	20.79661	12.40577	11.51048	11.44014	11.16004
9/12/2023 2:00:00 AM	14.1666666666667	27.59508	28.66875	28.85071	28.07168	31.64654	31.00567	31.19577	32.59037	26.58424	27.45417	27.63907	28.63897	8.394694	7.764821	8.065391	8.621839	21.39807	21.04226	20.3901	20.38832	10.22123	8.998892	8.973778	8.847593
9/12/2023 6:00:00 AM	18.1666666666667	30.20465	30.33163	30.89613	30.98429	36.11257	34.65413	35.24077	36.28793	29.16293	29.56008	29.46832	30.63504	7.408711	6.663756	7.102682	7.514839	22.06128	20.82252	20.66546	21.53704	9.363597	7.944918	7.89151	7.735081
9/12/2023 10:00:00 AM	22.1666666666667	31.91397	31.15543	32.64865	35.38743	37.79496	39.01629	36.91162	39.51045	32.46349	31.54375	29.51412	30.60569	6.836692	5.983596	6.144394	6.664809	22.61288	20.17213	19.09682	21.06227	8.766895	7.309195	7.41016	6.981646
9/12/2023 2:00:00 PM	26.1666666666667	37.40366	34.17595	33.81056	41.32092	44.23033	42.87107	40.84373	45.11732	34.69362	32.90456	27.86093	30.41001	6.76739	6.040438	5.684834	6.304766	24.21792	19.93734	18.85942	21.40999	17.89622	15.08432	14.72966	14.43051
9/12/2023 6:00:00 PM	30.1666666666667	42.689	37.85103	38.78554	47.65635	47.73377	45.76608	44.47197	50.15299	36.92627	33.44588	28.19206	32.68953	6.901647	6.12509	5.616308	6.535549	24.69097	19.80555	18.42437	22.7164	19.06771	15.08539	14.1624	14.4793
9/12/2023 10:00:00 PM	34.1666666666667	53.16291	43.13112	46.50709	56.45108	56.70097	52.79061	52.60033	55.92846	46.90723	38.84883	35.53619	42.2941	7.383203	6.682483	6.071141	7.160079	29.72147	22.26796	20.82461	26.66873	20.34792	14.97587	14.13846	14.41798
9/13/2023 2:00:00 AM	38.1666666666667	64.06274	50.73333	55.87002	68.07307	62.01896	61.08632	59.96574	66.3168	54.12744	47.92696	45.64347	57.10566	8.246568	7.20677	6.652564	7.579117	36.36924	26.85568	24.36086	31.98354	23.78475	17.61985	16.57707	17.62345
9/13/2023 6:00:00 AM	42.1666666666667	81.17952	61.98037	67.16051	80.0324	72.02997	72.15591	71.30726	79.81614	65.06044	59.06009	55.35976	69.56264	8.699103	7.660004	6.913937	7.864956	40.6727	30.45169	29.26044	37.36361	31.75434	23.1273	21.28452	24.27976
9/13/2023 10:00:00 AM	46.1666666666667	90.93994	70.49813	76.50009	81.20383	82.5771	78.32	79.42267	84.93465	75.98834	67.84971	67.29345	82.4061	9.483808	8.159706	7.210368	8.496668	44.95222	35.50396	32.1905	44.60023	37.59069	27.05527	25.48305	28.26526
9/13/2023 2:00:00 PM	50.1666666666667	93.06136	74.10318	78.84521	89.11706	89.77839	82.44231	84.50269	89.91567	82.05431	75.58758	74.2008	87.63406	9.992281	8.533998	7.706943	9.246284	47.0312	38.15326	34.40958	44.16514	42.94263	30.55597	30.87427	33.45854
9/13/2023 6:00:00 PM	54.1666666666667	87.06777	72.13254	78.40728	85.26431	86.95682	83.28246	85.83964	86.92199	82.42564	76.58022	77.07537	87.95919	10.81334	8.877721	8.465196	10.21157	44.10283	36.2284	32.81541	41.23251	48.02563	35.86929	34.37414	38.18452
