Vessel Name: AS_P29
Date Time	Elapsed	A1	B1	C1	D1	A2	B2	C2	D2	A3	B3	C3	D3	A4	B4	C4	D4	A5	B5	C5	D5	A6	B6	C6	D6
9/11/2023 11:50:00 AM	0	1556039	1479441	1787088	1486781	1399220	1429927	1522901	1586813	1508727	1398067	1639432	1597749	1430532	1535338	1609466	1649444	1512160	1595296	1626845	1762025	1637938	1544160	1719638	1866353
9/11/2023 2:00:00 PM	2.16666666666667	1740686	1600208	1742884	1676765	1572983	1598808	1667485	1733883	1661545	1560049	1761480	1739010	1562370	1692396	1750350	1817516	1673152	1775232	1839347	1968066	1843704	1725806	1927199	2041582
9/11/2023 6:00:00 PM	6.16666666666667	1821182	1822948	1950319	1879267	1745965	1768065	1872480	1998232	1804532	1721868	1940527	1971152	1716200	1847493	1911969	1999569	1921487	2111602	2166062	2260134	2001294	1867872	2087718	2207374
9/11/2023 10:00:00 PM	10.1666666666667	2054112	2043296	2203355	2152845	1926550	1969174	2091884	2198729	2043127	1992551	2197648	2226753	2006655	2169460	2291175	2331330	2214578	2411940	2497749	2606578	2337248	2201143	2452883	2632084
9/12/2023 2:00:00 AM	14.1666666666667	2138047	2186159	2341912	2181190	1991713	2095668	2244099	2232442	2168369	2114056	2338901	2375302	2119453	2309462	2377227	2438331	2305497	2539625	2603224	2761424	2380845	2289156	2547577	2746630
9/12/2023 6:00:00 AM	18.1666666666667	2167800	2204355	2351369	2199123	1943278	2087421	2195003	2212403	2146876	2145688	2363722	2395233	2052060	2263323	2274826	2381563	2381118	2631700	2684520	2771124	2266804	2219661	2400496	2666230
9/12/2023 10:00:00 AM	22.1666666666667	2000007	2070142	2168829	2079487	1874917	1938878	2086104	2112345	2003315	2075382	2283810	2307073	1941758	2134381	2205517	2256989	2308757	2606792	2655769	2681851	2138331	2077876	2278575	2512652
9/12/2023 2:00:00 PM	26.1666666666667	1842275	1924299	2101173	1991489	1782106	1938534	1985359	2028695	1971468	2030581	2315591	2276177	1820786	1975883	2091666	2052981	2199699	2487051	2619376	2527618	1905216	1943690	2176190	2317069
9/12/2023 6:00:00 PM	30.1666666666667	1801895	1845764	2043328	1804922	1681673	1840603	1953379	1945001	1955144	2030419	2347705	2267287	1712720	1882277	2021670	1947242	2104591	2443135	2602938	2487860	1822886	1880690	2116370	2215383
9/12/2023 10:00:00 PM	34.1666666666667	1576684	1772179	1874660	1701536	1658728	1802139	1861567	1846729	1832743	1952148	2214504	2140045	1628239	1792407	1915494	1836350	1956429	2252520	2474016	2294706	1866483	1978349	2221415	2307692
9/13/2023 2:00:00 AM	38.1666666666667	1453088	1577710	1795804	1606610	1555537	1741843	1781825	1756821	1664550	1812225	2055480	1971803	1550116	1705213	1862307	1828525	1694134	2022964	2272835	2065976	1855739	2015741	2262919	2280928
9/13/2023 6:00:00 AM	42.1666666666667	1370233	1649820	1788255	1572077	1557275	1746842	1775817	1720702	1664039	1816948	2040613	1880712	1551728	1739181	1859804	1820922	1611331	1896554	2111172	1887927	1705717	1917406	2115352	2119962
9/13/2023 10:00:00 AM	46.1666666666667	1415658	1704498	1826727	1716116	1635960	1807460	1787862	1792155	1708628	1882760	1990089	1902195	1591011	1784868	1908909	1842854	1562317	1819987	2032521	1770130	1523466	1734764	1905947	1892876
9/13/2023 2:00:00 PM	50.1666666666667	1561691	1780211	1960641	1836155	1672384	1871078	1865919	1854151	1793069	1933915	2020672	1979086	1659668	1828117	1942878	1883272	1575767	1851235	1992743	1789381	1375560	1572023	1761987	1705093
9/13/2023 6:00:00 PM	54.1666666666667	1836647	1978162	2097761	1997025	1758278	1990646	1943873	1957000	1840040	2051436	2088040	2064782	1665351	1885931	1983171	1906563	1663003	1964442	2033601	1914627	1341023	1491221	1659214	1686140
