Vessel Name: AS_P23
Date Time	Elapsed	A1	B1	C1	D1	A2	B2	C2	D2	A3	B3	C3	D3	A4	B4	C4	D4	A5	B5	C5	D5	A6	B6	C6	D6
2/13/2023 12:30:00 PM	0	6420850	7670720	7069678	6042728	4108229	4143405	4246210	6010581	5421605	3295636	3415751	4144041	4685390	3634295	3557642	4441130	4465433	4039272	3564100	4203442	5178461	4109189	4096206	5204813
2/13/2023 1:15:00 PM	0.75	6262728	7802006	7029521	6128256	4147895	4268083	4267717	5989693	5322110	3260513	3551826	4192345	4622256	3607497	3577924	4436191	4398378	4016411	3530765	4116256	4986202	4162346	4036169	5190570
2/13/2023 2:15:00 PM	1.75	6013993	7602825	6852316	5943352	3961873	4196848	4164914	5861854	5152945	3221801	3454010	4118859	4484954	3468609	3483490	4326775	4262204	3835177	3358213	3988804	4803648	3973998	3866637	5006707
2/13/2023 3:15:00 PM	2.75	5977162	7595653	6933423	5997919	4032117	4279249	4253449	5935159	5180857	3213436	3408059	4164256	4469318	3430560	3461610	4314750	4258720	3888125	3410056	4042411	4863327	3977141	3877116	4996796
2/13/2023 5:00:00 PM	4.5	6039243	7721915	7001958	6087848	4244219	4372112	4312741	6100196	5372262	3394987	3532928	4332118	4589734	3516872	3515404	4408912	4457395	4038431	3511681	4190117	5055267	4132184	3960053	5156474
2/13/2023 7:00:00 PM	6.5	6124983	7959791	7158238	6212551	4438935	4538329	4411206	6349820	5767576	3554983	3701788	4608351	4690988	3601841	3603531	4479085	4651735	4268333	3698384	4438583	5340723	4321751	4142615	5410212
2/13/2023 9:00:00 PM	8.5	6336207	8293201	7347840	6413950	4635661	4781455	4609022	6696986	6144983	3776925	3860752	4923495	4919199	3767438	3724429	4616936	4859656	4525929	3948178	4690638	5625005	4525796	4396277	5750609
2/13/2023 11:00:00 PM	10.5	6498411	8678968	7533479	6602325	4891961	5065020	4812784	7080548	6445496	3934616	3986718	5128333	5072929	3867093	3859306	4757007	5120933	4768986	4111644	4961384	5880517	4677523	4622672	6034588
2/14/2023 1:00:00 AM	12.5	6573689	8903587	7697265	6712922	5014692	5275161	4937575	7424833	6598245	4005834	4045256	5207746	5229793	3984136	4020249	4930472	5231339	4920030	4297220	5188543	6019180	4876199	4801262	6155055
2/14/2023 3:00:00 AM	14.5	6586591	8968156	7770731	6738790	5041661	5359531	4970317	7489105	6599884	4057784	4043402	5230119	5361461	4099002	4191206	5123410	5280038	5029732	4368120	5296813	6176147	5030320	5012757	6331090
2/14/2023 5:00:00 AM	16.5	6525541	8977527	7795522	6771903	4930984	5348366	4939148	7324380	6510897	3967329	4013930	5103489	5486520	4196020	4366796	5268756	5209430	5079628	4433200	5221591	6223720	5107917	5041189	6502922
2/14/2023 7:00:00 AM	18.5	6433093	8846827	7645210	6628985	4778854	5138186	4761790	6993011	6314739	3883971	3917989	5020903	5576185	4280919	4484073	5399730	5091132	5060750	4415665	5187094	6327620	5228149	5120957	6594724
2/14/2023 9:00:00 AM	20.5	6300275	8630511	7385815	6486189	4551826	4840489	4454662	6578432	6122594	3803640	3751400	4859463	5713217	4388324	4555676	5502732	4975636	4951672	4340083	5117503	6372542	5276026	5179672	6616611
2/14/2023 11:00:00 AM	22.5	6152311	8459532	7163849	6369719	4333349	4555431	4177366	6172105	5879131	3674596	3643916	4778443	5698772	4497029	4681005	5642402	4858368	4806087	4278732	5093909	6393165	5371906	5229037	6634522
2/14/2023 1:15:00 PM	24.75	6244354	8334857	7080088	6290068	4077831	4293130	3940873	5831822	5894149	3727925	3589617	4663049	5890149	4696984	4914571	5809472	4796136	4839206	4093246	5009424	6476570	5522587	5340517	6670538
2/14/2023 3:15:00 PM	26.75	6202462	8198993	6881271	6195049	3753048	3997985	3650601	5515489	5768869	3569901	3543901	4520795	6001053	4725818	5117934	5853699	4639842	4748962	4039721	4840126	6398987	5585434	5499638	6574966
2/14/2023 5:00:00 PM	28.5	5886704	7941880	6620092	5999387	3448099	3733287	3409562	5078852	5456642	3377482	3444557	4374464	5864710	4656277	5065580	5873458	4370752	4522714	3880281	4686148	6229208	5418851	5418185	6376084
2/14/2023 7:00:00 PM	30.5	5713218	7721735	6403540	5827456	3148006	3505885	3211000	4697664	5278666	3254414	3364837	4288874	5900307	4698303	5115236	5915400	4163337	4349552	3686963	4489845	6145356	5406326	5404408	6326134
2/14/2023 9:00:00 PM	32.5	5606500	7538051	6302287	5680319	2903596	3305868	3029471	4418108	5197195	3183642	3309816	4245648	5901476	4697505	5151478	6035303	4005293	4193820	3542974	4290299	6119599	5442766	5405774	6309998
2/14/2023 11:00:00 PM	34.5	5584095	7491087	6310856	5661362	2796691	3138970	2932000	4255618	5135847	3160313	3253403	4253594	5926256	4737747	5222939	6055670	3822056	4051496	3392640	4100255	6031598	5369927	5422355	6269070
2/15/2023 1:00:00 AM	36.5	5507780	7374180	6304840	5639192	2733630	3044753	2852546	4144253	5105289	3120558	3210398	4214259	5908550	4769544	5319635	6142620	3643416	3918629	3289351	3904088	5951837	5399852	5410324	6228453
2/15/2023 3:00:00 AM	38.5	5518069	7272171	6288634	5640114	2680434	2985380	2827370	4119906	5105379	3089443	3189112	4209961	5929538	4830716	5304023	6219366	3548579	3756278	3219021	3746040	5844641	5386827	5434164	6202545
2/15/2023 5:00:00 AM	40.5	5581688	7314541	6300849	5644923	2639499	3038307	2896902	4228966	5173807	3083064	3191090	4229464	5931902	4848114	5344345	6308482	3414514	3562955	3152931	3599310	5766811	5398424	5422445	6147820
2/15/2023 7:00:00 AM	42.5	5680662	7341737	6336379	5643696	2673800	3127422	3035584	4383104	5190104	3121803	3209085	4266947	5984149	4855497	5369770	6367954	3339451	3404229	3047165	3441745	5757194	5392130	5451072	6183936
2/15/2023 9:00:00 AM	44.5	5758949	7512370	6339445	5754139	2747527	3280845	3207527	4597765	5188745	3170680	3260880	4290494	6055530	4933951	5354173	6404281	3253996	3269025	2966703	3428370	5709786	5358591	5441266	6174161
2/15/2023 11:00:00 AM	46.5	5773765	7498892	6330098	5758457	2936658	3431257	3389930	4939621	5172230	3251526	3327347	4355420	6115814	4906683	5395035	6521436	3182963	3196396	2835299	3347199	5626455	5327622	5436242	6160419
2/15/2023 1:15:00 PM	48.75	5722053	7443791	6375896	5744573	3147436	3604803	3581056	5341810	5204419	3335078	3389774	4343698	6192477	4978408	5434130	6596360	3172711	3151362	2833028	3305318	5593944	5427139	5497094	6227042
2/15/2023 3:15:00 PM	50.75	5747350	7584051	6394895	5761570	3439104	3815355	3824078	5718512	5132273	3364908	3414767	4370905	6181166	5027130	5438087	6656133	3177034	3136111	2779818	3222236	5613686	5442651	5539071	6233426
