Vessel Name: AS_P23
Date Time	Elapsed	A1	B1	C1	D1	A2	B2	C2	D2	A3	B3	C3	D3	A4	B4	C4	D4	A5	B5	C5	D5	A6	B6	C6	D6
2/13/2023 12:30:00 PM	0	0.4530896	0.3680908	0.3987278	0.5137143	0.4828513	0.4572131	0.3835302	0.3522953	0.471224	0.5201796	0.4585999	0.4150569	0.412921	0.3887278	0.4539339	0.3358812	0.3788601	0.3476251	0.4015826	0.4245596	0.3997506	0.3712046	0.387441	0.3508853
2/13/2023 1:15:00 PM	0.75	0.4673812	0.3728441	0.4158862	0.5106506	0.4205172	0.4040554	0.3419589	0.3088785	0.5032785	0.5677748	0.5175394	0.4287983	0.4175994	0.3867687	0.5099715	0.325978	0.3282697	0.2652477	0.3455515	0.3237832	0.4173053	0.634081	0.3785064	0.3737841
2/13/2023 2:15:00 PM	1.75	0.3747534	0.3195624	0.3631333	0.4343024	0.351186	0.3593591	0.3113977	0.2712377	0.3938949	0.4602502	0.4484714	0.358442	0.3307409	0.3114883	0.4280623	0.2869357	0.2581934	0.2187583	0.271995	0.2737607	0.3760688	0.3567458	0.3395998	0.3252768
2/13/2023 3:15:00 PM	2.75	0.3372831	0.3023886	0.3393192	0.4178287	0.3449419	0.3520515	0.3054847	0.2717383	0.3896668	0.4699749	0.4538229	0.3548314	0.3162827	0.2994754	0.3973186	0.2607141	0.2534059	0.2060302	0.2726381	0.2652501	0.3613635	0.3301957	0.3212582	0.3143132
2/13/2023 5:00:00 PM	4.5	0.3434255	0.2971823	0.3311152	0.4249218	0.3556036	0.3735026	0.323953	0.2894261	0.4050316	0.456352	0.4566782	0.3618465	0.2855049	0.2780486	0.3924543	0.2513347	0.255791	0.2042326	0.2659236	0.2669487	0.3590658	0.3317441	0.326178	0.3102285
2/13/2023 7:00:00 PM	6.5	0.3469685	0.2956874	0.3381785	0.4163578	0.3883036	0.4049699	0.3689706	0.3249641	0.430729	0.4613198	0.4628977	0.3762879	0.2654461	0.262634	0.3802396	0.2414655	0.2692632	0.2133712	0.2862915	0.2720464	0.3609205	0.3219631	0.3290415	0.3098042
2/13/2023 9:00:00 PM	8.5	0.3433864	0.296602	0.326094	0.4251489	0.4257389	0.4377825	0.4086362	0.3495022	0.4372485	0.472353	0.4733767	0.3814163	0.2703441	0.2535575	0.3646902	0.2464119	0.2839756	0.2087008	0.2862301	0.2658036	0.379371	0.3225693	0.3295717	0.3122169
2/13/2023 11:00:00 PM	10.5	0.347917	0.2922876	0.320487	0.4045464	0.4274545	0.4712522	0.4353182	0.3701235	0.4543253	0.4876743	0.4944479	0.4010963	0.2657147	0.2472233	0.3545738	0.2567175	0.2866229	0.2098067	0.2969573	0.2755919	0.3861867	0.663455	0.3416019	0.3189889
2/14/2023 1:00:00 AM	12.5	0.3468665	0.3033761	0.3263437	0.393599	0.4537384	0.485845	0.4619279	0.3936958	0.4844111	0.5002765	0.5145051	0.4193916	0.263068	0.2409989	0.3510423	0.2418833	0.3121493	0.2267806	0.314128	0.2912522	0.393646	0.645768	0.3554994	0.3268395
2/14/2023 3:00:00 AM	14.5	0.3523151	0.306559	0.330513	0.3875878	0.4951279	0.5144858	0.4866076	0.4168016	0.5186976	0.5193182	0.5406203	0.451014	0.257567	0.2456054	0.3465402	0.241193	0.3473108	0.2405285	0.3244205	0.300059	0.4187352	0.6249725	0.3704581	0.3435827
2/14/2023 5:00:00 AM	16.5	0.3702042	0.3203398	0.3556747	0.3844696	0.5296229	0.5515608	0.5242859	0.4358097	0.5468407	0.5567448	0.5650518	0.4885348	0.2652539	0.2418398	0.3455011	0.253236	0.3711124	0.2540337	0.3490359	0.3329852	0.4450795	0.6235172	0.3951408	0.3764548
2/14/2023 7:00:00 AM	18.5	0.3845408	0.3287485	0.360458	0.3969262	0.5797929	0.5700226	0.5700076	0.4810233	0.5951066	0.5831945	0.5959512	0.5096473	0.2597986	0.2555534	0.3419453	0.2532178	0.4114113	0.2785532	0.372221	0.3721913	0.4789858	0.6356962	0.4119004	0.4019387
2/14/2023 9:00:00 AM	20.5	0.4039864	0.34784	0.3796753	0.398739	0.6140046	0.6143005	0.628216	0.526958	0.6434603	0.6174493	0.6388469	0.5491666	0.2634469	0.2469811	0.3429638	0.253776	0.4528774	0.3083821	0.3944088	0.4020697	0.5151204	0.6691712	0.4457692	0.4438958
2/14/2023 11:00:00 AM	22.5	0.4284537	0.3674574	0.3999803	0.4124843	0.6739031	0.6657115	0.6811072	0.5806007	0.7072663	0.6558316	0.6789218	0.5921885	0.2766856	0.24992	0.3520423	0.252805	0.4996673	0.3299741	0.4304207	0.4407652	0.5667504	0.7514238	0.4679204	0.4767199
2/14/2023 1:15:00 PM	24.75	0.4691322	0.4166844	0.4407077	0.4609128	0.8109051	0.7880607	0.8051758	0.710357	0.7798933	0.7123365	0.7605633	0.6633037	0.3114301	0.2641943	0.3668814	0.2740348	0.5617372	0.3767172	0.4935983	0.5385535	0.6982303	0.5399568	0.5428696	0.5483792
2/14/2023 3:15:00 PM	26.75	0.5100451	0.4424724	0.461774	0.4986302	0.9364153	0.9374208	0.894487	0.8231848	0.8411881	0.8136762	0.8217915	0.7409508	0.3499553	0.3042008	0.3227094	0.2906387	0.6417496	0.4437615	0.5558581	0.6045482	0.776259	0.6141839	0.6039361	0.6063547
2/14/2023 5:00:00 PM	28.5	0.5165116	0.4506058	0.4722651	0.4807323	0.9896522	0.9684945	0.9361474	0.8732316	0.8623782	0.8240224	0.8338043	0.755487	0.3250743	0.307421	0.3188134	0.2863539	0.6668604	0.4700194	0.5587851	0.6191323	0.8350571	0.6506884	0.6288611	0.6270577
2/14/2023 7:00:00 PM	30.5	0.5259297	0.4713602	0.4899201	0.4830317	1.102673	1.035705	1.007412	0.9672427	0.8943031	0.8716806	0.8743697	0.7864994	0.3194996	0.3110692	0.3235453	0.2912804	0.7248202	0.505482	0.6153795	0.6644669	0.9029633	0.7016608	0.658245	0.6664404
2/14/2023 9:00:00 PM	32.5	0.5538134	0.5048898	0.5118042	0.4869941	1.260046	1.142956	1.11804	1.090618	0.9358847	0.912782	0.9076103	0.8152565	0.3191416	0.3053985	0.3334114	0.3037205	0.7811697	0.5372701	0.6560587	0.7337798	0.9692055	0.7549703	0.7033284	0.7201414
2/14/2023 11:00:00 PM	34.5	0.5824208	0.5311627	0.5264509	0.5303496	1.344529	1.258035	1.247076	1.186878	0.9675403	0.9543045	0.9593676	0.8397654	0.3340507	0.3056187	0.340649	0.3242345	0.8400134	0.5747486	0.7105079	0.8032614	1.046316	0.8204987	0.7579826	0.8003015
2/15/2023 1:00:00 AM	36.5	0.6037291	0.5546603	0.5443783	0.5386703	1.459624	1.391717	1.377377	1.300045	0.9959283	0.9983236	0.9888418	0.8716655	0.3602352	0.3208636	0.352866	0.3277867	0.9105843	0.6201753	0.7652547	0.8704696	1.154879	0.8836405	0.8171006	0.8585651
2/15/2023 3:00:00 AM	38.5	0.6107695	0.5674508	0.5588275	0.5611957	1.577897	1.475021	1.458779	1.367268	1.016242	1.033589	1.006185	0.8975993	0.374454	0.3208719	0.3668549	0.335086	0.9776106	0.6986621	0.818494	0.9332966	1.269949	0.9715003	0.8775448	0.9255806
2/15/2023 5:00:00 AM	40.5	0.6150964	0.5816348	0.5778478	0.5660246	1.696345	1.524673	1.517616	1.439998	1.015893	1.066992	1.027347	0.9044651	0.3887478	0.3245008	0.3731566	0.3519279	1.09078	0.7726584	0.8820356	1.035215	1.390032	1.044087	0.9215734	0.9976832
2/15/2023 7:00:00 AM	42.5	0.6373774	0.5989933	0.5949956	0.5838106	1.737878	1.492201	1.520731	1.440982	1.03015	1.090463	1.071903	0.9425189	0.4088623	0.351083	0.3898169	0.3612966	1.164042	0.8602755	0.9562775	1.085214	1.516214	1.125424	0.9918751	1.05335
2/15/2023 9:00:00 AM	44.5	0.6531626	0.6184535	0.6177514	0.5987992	1.737656	1.494365	1.497451	1.428815	1.056403	1.129529	1.050915	0.9627604	0.4153911	0.3506156	0.3987017	0.380632	1.274387	0.9304798	1.034637	1.160693	1.638094	1.200533	1.076726	1.112331
2/15/2023 11:00:00 AM	46.5	0.6737716	0.6378179	0.630795	0.6234263	1.736247	1.465849	1.495075	1.361547	1.072675	1.12861	1.061858	0.9755588	0.4008082	0.3553276	0.4054572	0.3918107	1.406566	1.00596	1.104816	1.238536	1.766929	1.288105	1.139746	1.174344
2/15/2023 1:15:00 PM	48.75	0.7086899	0.6576205	0.6404837	0.625717	1.628154	1.446904	1.462158	1.337193	1.087676	1.125197	1.02555	1.006554	0.4274935	0.3704511	0.4089043	0.3914702	1.518357	1.076174	1.177357	1.344414	1.926459	1.361902	1.206842	1.250246
2/15/2023 3:15:00 PM	50.75	0.7239668	0.6635684	0.6577517	0.6447184	1.529873	1.401354	1.405963	1.27688	1.113904	1.149684	1.065542	1.0252	0.4454855	0.3827237	0.4299751	0.4031593	1.582614	1.107057	1.234507	1.435728	2.011476	1.432571	1.27458	1.327381
