Vessel Name: AS_P23
Date Time	Elapsed	A1	B1	C1	D1	A2	B2	C2	D2	A3	B3	C3	D3	A4	B4	C4	D4	A5	B5	C5	D5	A6	B6	C6	D6
2/13/2023 12:30:00 PM	0	2812735	2839244	2572325	2440034	1867506	1623070	1531232	1951443	2433123	1562407	1414249	1582577	1584337	1305290	1348756	1332150	1529157	1311914	1273556	1429025	1911399	1445426	1504685	1731027
2/13/2023 1:15:00 PM	0.75	2873360	2894115	2704766	2626029	1633838	1451223	1339919	1665635	2575415	1674882	1660593	1696382	1676072	1319150	1641499	1312722	1316947	1011305	1057198	1050248	1943898	2309515	1440821	1858599
2/13/2023 2:15:00 PM	1.75	2181390	2425483	2280709	2185998	1285411	1263902	1173618	1421524	1992223	1335418	1370298	1407735	1290211	1000640	1362784	1113587	994692.4	788065.8	800012.1	846661.8	1655740	1314095	1226858	1524715
2/13/2023 3:15:00 PM	2.75	1980220	2313415	2173664	2107541	1294589	1260549	1171685	1438080	1943261	1337288	1362140	1395413	1204747	940149.5	1256346	1006743	985890.2	760406.4	795265.8	835568.1	1597177	1229653	1162992	1453727
2/13/2023 5:00:00 PM	4.5	2033885	2327073	2140479	2132614	1424662	1353528	1281274	1572868	2093419	1376342	1441591	1488204	1187415	900892.4	1239335	985977.4	1043303	789083.1	796258.6	906562.3	1645412	1284913	1212821	1479265
2/13/2023 7:00:00 PM	6.5	2059219	2396161	2225519	2163485	1634955	1565353	1510325	1826142	2380641	1491955	1532550	1670013	1176647	889155.3	1232264	998843	1163395	872698.6	892183.4	974823.6	1757961	1322252	1285079	1567587
2/13/2023 9:00:00 PM	8.5	2130189	2505867	2252701	2195209	1889678	1806031	1765243	2097290	2577211	1649816	1645269	1821284	1219392	904812.8	1229067	1045558	1277649	900204.1	964179	986118.2	1927726	1384894	1365596	1695888
2/13/2023 11:00:00 PM	10.5	2193371	2591760	2291597	2271434	2042245	2077827	1981686	2364981	2825171	1765245	1769507	1995216	1227124	914967.6	1240612	1111603	1387341	956728.8	1042683	1121683	2059333	2791074	1489129	1830087
2/14/2023 1:00:00 AM	12.5	2251242	2763348	2384237	2274274	2222644	2240539	2159846	2639910	3062194	1842953	1885649	2112264	1253637	913916.2	1253141	1088947	1533615	1054209	1139231	1231862	2137587	2847817	1601012	1906561
2/14/2023 3:00:00 AM	14.5	2308598	2810338	2495025	2282707	2434944	2411462	2295169	2831672	3257288	1933106	1959648	2285147	1285117	947305.6	1287687	1135593	1730696	1143507	1212768	1304133	2361685	2842068	1746117	2059358
2/14/2023 5:00:00 AM	16.5	2377596	2930811	2637083	2318936	2569446	2624814	2472121	2925583	3393518	2012231	2037588	2427271	1348361	954789.8	1329717	1218398	1832288	1216152	1305805	1428783	2553884	2898077	1872321	2303424
2/14/2023 7:00:00 AM	18.5	2438810	2977424	2653034	2387376	2716398	2646661	2598785	3104081	3573216	2088609	2128909	2491079	1389419	1012116	1339091	1245647	1972816	1333491	1409869	1578354	2790780	3053866	1982367	2479581
2/14/2023 9:00:00 AM	20.5	2546967	3065227	2714888	2374969	2759541	2687284	2689832	3231029	3763184	2155185	2188981	2617252	1461866	1002622	1367088	1281642	2124155	1442513	1466950	1682061	3003140	3197992	2161049	2728082
2/14/2023 11:00:00 AM	22.5	2665874	3180385	2780546	2463605	2874337	2760857	2760208	3361327	3938764	2219486	2287553	2792903	1540049	1045860	1446925	1325158	2293441	1508150	1577414	1837320	3306482	3601218	2296194	2959390
2/14/2023 1:15:00 PM	24.75	2996858	3545790	3117368	2653011	3238386	3076823	3037930	3907802	4404481	2509250	2504166	3080162	1728661	1161992	1582549	1482799	2606889	1730898	1760346	2251362	4011445	2756960	2753636	3421318
2/14/2023 3:15:00 PM	26.75	3227891	3710248	3206940	2766343	3500627	3369914	3187936	4307470	4683800	2699760	2686324	3350473	1906936	1270502	1399149	1620023	2885609	1982249	1969310	2454984	4398788	3155590	3170394	3742283
2/14/2023 5:00:00 PM	28.5	3090745	3654088	3115645	2685287	3368349	3312003	3155372	4200666	4547699	2606991	2644844	3323530	1849169	1242232	1375265	1589348	2822149	1984746	1907921	2438253	4586830	3250087	3227903	3768929
2/14/2023 7:00:00 PM	30.5	3082726	3714558	3151553	2658489	3374055	3436719	3233342	4334660	4565774	2651097	2717336	3400825	1874671	1290711	1395154	1611641	2935920	2044934	2002770	2475926	4922396	3480599	3392152	3988530
2/14/2023 9:00:00 PM	32.5	3199169	3868784	3227961	2698996	3560651	3600573	3362729	4620080	4718658	2700207	2766560	3487009	1887009	1302175	1435036	1696810	3065738	2117677	2082702	2565644	5288798	3761634	3615843	4262874
2/14/2023 11:00:00 PM	34.5	3361873	4029319	3334373	2813075	3682294	3762609	3613633	4866364	4843741	2808336	2836542	3621889	1960972	1321528	1511929	1804633	3145880	2196382	2155490	2679757	5614351	4048107	3895452	4620144
2/15/2023 1:00:00 AM	36.5	3447869	4157920	3446131	2899669	3918542	3985502	3855283	5185206	4981788	2898903	2909327	3734516	2038005	1368633	1590493	1855599	3298955	2296362	2244734	2786973	6073605	4375267	4179650	4923837
2/15/2023 3:00:00 AM	38.5	3512561	4171406	3508607	2990860	4143195	4137510	4018063	5397567	5084063	2988592	2922151	3822594	2184942	1392853	1646243	1905069	3441794	2466967	2366148	2878285	6548378	4767324	4508036	5263860
2/15/2023 5:00:00 AM	40.5	3561933	4286727	3618114	3057141	4341070	4380194	4323466	5800127	5161970	3073035	2997690	3873474	2174118	1431610	1702441	2024246	3681535	2582495	2454543	3061790	7049576	5133070	4704729	5642594
2/15/2023 7:00:00 AM	42.5	3705615	4416427	3739405	3115051	4501921	4496148	4508240	6023066	5226629	3169551	3138902	4055243	2287329	1533967	1775269	2090833	3856967	2715769	2576503	3119898	7601977	5498552	5088158	6042055
2/15/2023 9:00:00 AM	44.5	3849029	4628421	3860144	3272093	4671740	4674247	4637525	6269312	5357937	3281102	3177167	4174510	2363132	1581914	1822732	2207594	4092160	2821667	2749685	3359818	8150313	5812640	5476014	6400259
2/15/2023 11:00:00 AM	46.5	3978132	4753871	3951408	3351949	4985781	4731610	4835414	6454858	5402174	3396934	3283163	4299025	2435727	1620719	1899329	2320241	4348633	2977448	2821415	3511777	8697678	6208864	5790928	6780884
2/15/2023 1:15:00 PM	48.75	4109141	4865671	4067187	3427174	5021348	4811394	4953883	6774765	5514399	3470775	3252640	4427425	2595690	1726180	1957161	2353644	4659054	3141333	3021703	3688824	9342588	6688856	6219334	7281795
2/15/2023 3:15:00 PM	50.75	4206838	5006363	4195008	3543299	5137338	4916159	5052046	6938268	5600592	3551924	3422332	4542685	2689783	1810688	2082011	2454528	4828581	3225477	3135746	3849621	9829927	7045787	6622057	7721114
