Vessel Name: AS_P25
Date Time	Elapsed	A1	B1	C1	D1	A2	B2	C2	D2	A3	B3	C3	D3	A4	B4	C4	D4	A5	B5	C5	D5	B6	C6	D6
2/11/2023 7:00:00 PM	0	5.237631	5.105113	5.017249	5.108465	4.78346	4.955936	4.981351	4.696815	4.928789	4.943539	4.758604	4.789015	5.128987	4.95452	4.650014	5.01848	4.948252	4.635324	4.675636	5.09967	4.817988	4.844553	4.975946
2/11/2023 8:00:00 PM	1	5.303074	5.059566	4.927408	5.032753	4.75971	4.927269	4.864166	4.673305	4.919966	4.844767	4.87761	4.67829	5.079943	5.056214	4.444899	4.88757	4.854111	4.681141	4.734806	4.983984	4.807056	4.622717	4.919242
2/11/2023 9:00:00 PM	2	4.938552	4.733727	4.621192	4.628348	4.382956	4.469678	4.470043	4.305664	4.442652	4.410123	4.530713	4.348337	4.728585	4.648364	3.965882	4.39222	4.402171	4.319433	4.223822	4.639171	4.471966	4.188508	4.460196
2/11/2023 10:00:00 PM	3	4.404567	4.112072	3.963606	4.061139	4.169946	4.292984	4.262168	4.121237	4.25111	4.207491	4.21053	4.151185	4.07971	4.043006	3.320374	3.697087	4.26396	4.120023	3.992543	4.381736	4.248148	4.011783	4.217097
2/11/2023 11:00:00 PM	4	3.48507	3.204205	2.985812	3.067617	3.948763	4.133337	4.094128	3.922774	4.11504	4.061069	4.04512	3.9757	3.069386	3.088873	2.4564	2.670779	4.097647	3.8715	3.818429	4.211891	4.139275	3.932857	4.097957
2/12/2023 12:00:00 AM	5	2.528163	2.4363	2.162816	2.269864	3.790278	3.943089	3.873821	3.71452	3.933169	3.857141	3.808057	3.828371	2.237614	2.252495	1.785105	1.916165	3.923196	3.719218	3.69603	4.025948	3.988626	3.771327	3.968096
2/12/2023 1:00:00 AM	6	1.840931	1.85277	1.606706	1.704478	3.499254	3.711411	3.571018	3.486185	3.651102	3.661024	3.59339	3.615961	1.612942	1.696716	1.325229	1.426355	3.699731	3.459144	3.476354	3.728033	3.726719	3.594811	3.748452
2/12/2023 2:00:00 AM	7	1.399379	1.402871	1.23775	1.29485	3.265289	3.413269	3.278712	3.235912	3.413971	3.37104	3.319332	3.334342	1.216151	1.246329	0.9974365	1.082062	3.438083	3.153722	3.208579	3.458665	3.476984	3.385676	3.527498
2/12/2023 4:00:00 AM	9	0.810522	0.8242874	0.7176289	0.7708775	2.846423	2.83428	2.833022	2.825565	2.954913	2.881649	2.853549	2.943655	0.6862559	0.671791	0.5632544	0.6005524	3.024143	2.806961	2.782157	2.989673	3.1338	3.123146	3.124739
2/12/2023 6:00:00 AM	11	0.4744438	0.4803079	0.4405423	0.4725985	2.475577	2.469396	2.499576	2.52462	2.646064	2.596895	2.563171	2.670174	0.4188531	0.3882219	0.3398123	0.3648678	2.699122	2.470778	2.433541	2.603843	2.889389	2.854074	2.833457
2/12/2023 8:00:00 AM	13	0.2981558	0.3201596	0.2883078	0.309036	2.214825	2.214177	2.275498	2.320577	2.51045	2.43136	2.360342	2.529554	0.2721364	0.2634904	0.2259566	0.2439684	2.494226	2.292508	2.208786	2.38019	2.779399	2.689559	2.719648
2/12/2023 10:00:00 AM	15	0.2094051	0.223824	0.2066766	0.2189334	2.072579	2.045866	2.131446	2.167997	2.43911	2.311415	2.258679	2.452472	0.1954142	0.1981623	0.1658709	0.1785352	2.356728	2.090564	2.018729	2.214342	2.707361	2.680384	2.624621
2/12/2023 12:00:00 PM	17	0.1569115	0.1735272	0.1641261	0.1764984	1.900722	1.904631	2.046398	2.078536	2.420885	2.295626	2.303863	2.45586	0.1562804	0.1752895	0.1364903	0.1536596	2.224779	1.91068	1.863383	2.04191	2.732388	2.742892	2.605775
2/12/2023 2:00:00 PM	19	0.1305473	0.1415931	0.1360594	0.1447523	1.790575	1.750769	1.971319	1.960868	2.488819	2.321804	2.277646	2.468888	0.1338543	0.1506459	0.1202863	0.1305791	2.075313	1.789843	1.775553	1.91518	2.835225	2.785529	2.615979
2/12/2023 4:00:00 PM	21	0.1168875	0.1293951	0.1210898	0.1309905	1.681533	1.61209	1.888502	1.838617	2.530227	2.398531	2.378775	2.453709	0.126726	0.1327127	0.1106947	0.1201226	1.941985	1.62786	1.66427	1.755738	2.851667	2.828574	2.640642
2/12/2023 6:00:00 PM	23	0.1074751	0.1176466	0.1135927	0.1225688	1.503932	1.442348	1.762671	1.657228	2.583877	2.396626	2.47724	2.495661	0.1265936	0.1381548	0.1121178	0.1145397	1.842591	1.457034	1.530309	1.607246	2.916904	2.855582	2.709356
2/12/2023 8:00:00 PM	25	0.1026015	0.1108261	0.1066265	0.1142558	1.329613	1.287786	1.62826	1.484922	2.623858	2.453376	2.56458	2.581928	0.1234356	0.1295479	0.1075862	0.1126741	1.687269	1.304778	1.434605	1.451193	2.957561	2.965148	2.762388
2/12/2023 9:00:00 PM	26	0.1022284	0.1079831	0.1061659	0.1114754	1.22068	1.203122	1.543483	1.35962	2.68207	2.478675	2.583195	2.59043	0.1204839	0.1295368	0.1072401	0.1127388	1.596688	1.207023	1.374517	1.385641	2.974145	2.980156	2.80617
2/12/2023 10:00:00 PM	27	0.0983362	0.1058141	0.1055142	0.1093662	1.133082	1.12852	1.488248	1.24888	2.701416	2.487855	2.605249	2.640674	0.1186338	0.127833	0.1066854	0.1120277	1.530405	1.121841	1.324526	1.284834	2.992031	2.995846	2.846421
2/12/2023 11:00:00 PM	28	0.09884455	0.1055051	0.1031056	0.1080603	1.033019	1.036178	1.38587	1.121261	2.720958	2.494196	2.651845	2.649845	0.1239114	0.1285915	0.1065458	0.1150244	1.424002	1.023323	1.239405	1.198192	2.999638	2.998824	2.853019
2/13/2023 12:00:00 AM	29	0.09654506	0.1027043	0.1020045	0.107961	0.9390272	0.956907	1.310993	1.042266	2.745509	2.495263	2.70628	2.662015	0.1198697	0.1302812	0.1048873	0.1148191	1.344145	0.9557269	1.187816	1.129371	3.034966	3.01824	2.888615
2/13/2023 1:00:00 AM	30	0.09679797	0.1028473	0.102341	0.1075935	0.8368797	0.8626249	1.215868	0.9470367	2.763233	2.492837	2.706567	2.656839	0.121606	0.1300582	0.1030522	0.1138109	1.239853	0.8910301	1.127509	1.051985	3.062104	2.994807	2.8741
2/13/2023 2:00:00 AM	31	0.09610122	0.09984169	0.1023952	0.1094112	0.7507383	0.7941551	1.13011	0.8459417	2.757127	2.461323	2.693922	2.696507	0.1209534	0.1241231	0.1051578	0.1150476	1.146778	0.8160147	1.059114	0.9991881	3.066316	3.003168	2.900404
2/13/2023 4:00:00 AM	33	0.09400412	0.1008366	0.102067	0.1106536	0.5915935	0.6411404	0.9581394	0.6676765	2.721578	2.426767	2.611968	2.670556	0.1181313	0.1270982	0.1075191	0.1144424	0.9804652	0.6814133	0.9130179	0.8692242	3.012812	2.9937	2.830611
2/13/2023 6:00:00 AM	35	0.09545754	0.1014895	0.1027169	0.1128036	0.4525565	0.5216326	0.7831318	0.5275422	2.621789	2.34337	2.511133	2.6696	0.1200316	0.1344269	0.1117038	0.117995	0.8026363	0.5670729	0.7868455	0.7384985	2.992594	2.913119	2.742815
2/13/2023 8:00:00 AM	37	0.09737142	0.1018308	0.1042268	0.1139281	0.3482592	0.4218153	0.6334141	0.4207106	2.448254	2.177777	2.316609	2.583844	0.1202577	0.130711	0.106363	0.1194306	0.6618112	0.4685675	0.6776133	0.617422	2.873946	2.790394	2.655486
2/13/2023 10:00:00 AM	39	0.1002484	0.1061232	0.1094311	0.1170441	0.2688199	0.3664219	0.5087263	0.3304592	2.169448	1.938836	2.040365	2.42731	0.1216085	0.1316763	0.1114559	0.1179776	0.5322667	0.3875474	0.5670704	0.5051377	2.705632	2.644555	2.521122
2/13/2023 12:00:00 PM	41	0.1031955	0.1084103	0.1119961	0.1195137	0.2118903	0.2922018	0.4027545	0.266259	1.820844	1.6311	1.755707	2.206795	0.1306579	0.1418782	0.1146502	0.1197698	0.4273281	0.3135493	0.4749874	0.4268124	2.483258	2.460888	2.288694
2/13/2023 4:00:00 PM	45	0.1170667	0.1224868	0.1254691	0.1352077	0.1638852	0.2150219	0.3239431	0.2105141	1.069051	0.9679305	1.103188	1.625214	0.1425205	0.1534069	0.1256749	0.1286502	0.3641687	0.2170522	0.3432398	0.3088667	1.92599	2.008641	1.759374
2/13/2023 6:00:00 PM	47	0.1237173	0.1231885	0.1277724	0.1394116	0.1471222	0.1919145	0.3141121	0.1874076	0.711704	0.6881903	0.7865835	1.242176	0.1438502	0.1512328	0.1284941	0.1284852	0.3119301	0.1882029	0.2876626	0.2787818	1.57555	1.659986	1.429604
2/13/2023 8:00:00 PM	49	0.1252712	0.1276786	0.1331334	0.1408681	0.1390188	0.1716534	0.2789464	0.1722707	0.4553781	0.4690383	0.5512684	0.8922375	0.1478394	0.1558781	0.1342349	0.1337427	0.276724	0.1669523	0.2469817	0.2427224	1.198866	1.341936	1.138395
2/13/2023 10:00:00 PM	51	0.1291707	0.1335405	0.1382412	0.1455596	0.1372045	0.154089	0.2618293	0.1625525	0.2969809	0.3234345	0.3782046	0.6126165	0.1553378	0.164629	0.1426802	0.1367156	0.2571689	0.1565864	0.2214902	0.2236027	0.8804049	1.019148	0.8708687
2/14/2023 12:00:00 AM	53	0.1339545	0.1294051	0.1410104	0.1546154	0.1345953	0.1467898	0.2421411	0.1573128	0.1897218	0.2296754	0.2707694	0.4182216	0.1612172	0.168379	0.1439164	0.1434589	0.2423725	0.1576028	0.1982256	0.2095051	0.6419849	0.7502765	0.6624931
2/14/2023 2:00:00 AM	55	0.1378455	0.1380117	0.1447161	0.1598084	0.1350103	0.1469191	0.2451543	0.156381	0.1373881	0.1707251	0.2115875	0.2808292	0.1655826	0.1706094	0.1464946	0.1531845	0.2412784	0.1539605	0.1873794	0.198106	0.4698034	0.5351926	0.4913379
2/14/2023 4:00:00 AM	57	0.1428747	0.1418189	0.1480307	0.168207	0.1339374	0.1549306	0.1639777	0.1580044	0.1096432	0.1368671	0.1713659	0.1989571	0.1699591	0.1727891	0.1506064	0.1595042	0.2338061	0.1565111	0.1777358	0.1862359	0.3406802	0.3979845	0.3643635
2/14/2023 6:00:00 AM	59	0.1465002	0.1449806	0.1530029	0.1718356	0.1360922	0.1543196	0.1669224	0.1581005	0.09261079	0.1199799	0.1401375	0.1521708	0.1732263	0.1797256	0.1564354	0.1597558	0.2359433	0.1573701	0.1692531	0.1805333	0.2593283	0.3069235	0.2742975
2/14/2023 8:00:00 AM	61	0.1516331	0.1532403	0.1567664	0.1779499	0.1293096	0.1564514	0.2067562	0.1622883	0.08673406	0.1127042	0.123047	0.126393	0.1754773	0.1929208	0.1636479	0.1632023	0.2442334	0.1596234	0.1728354	0.183397	0.2104215	0.2414478	0.2179596
2/14/2023 10:00:00 AM	63	0.1566174	0.1588529	0.1615294	0.1870035	0.1346424	0.1625839	0.1654781	0.1660333	0.08079983	0.1137923	0.1192879	0.1145751	0.1827459	0.1998897	0.1686123	0.1730849	0.2465819	0.1600821	0.173551	0.1841621	0.1869286	0.2051201	0.1766994
2/14/2023 12:00:00 PM	65	0.1613991	0.1613789	0.1675249	0.1947916	0.1355378	0.1636971	0.1772063	0.1686798	0.07799184	0.1103638	0.1139496	0.1064618	0.1921346	0.2050868	0.1772593	0.1784493	0.258882	0.1627906	0.173246	0.1824593	0.1668576	0.1757881	0.1551571
2/14/2023 4:00:00 PM	69	0.171157	0.1806485	0.1952949	0.2196452	0.1569764	0.1776504	0.2556939	0.1768819	0.07577135	0.1027825	0.1095535	0.1012423	0.2113582	0.2259683	0.1844636	0.2024524	0.2904602	0.1757838	0.1869092	0.2071741	0.1616415	0.1502365	0.1434187
2/14/2023 6:00:00 PM	71	0.1748251	0.1891491	0.2013103	0.2298004	0.1508063	0.176846	0.2489708	0.1815522	0.07620275	0.09681192	0.1063028	0.09933344	0.2187294	0.2225955	0.1892036	0.2106738	0.2940908	0.1792953	0.1902024	0.2178438	0.1579594	0.1396198	0.1344747
2/14/2023 8:00:00 PM	73	0.1759714	0.1938658	0.2077876	0.2348914	0.1515827	0.1867741	0.2165066	0.1886204	0.07516158	0.09562171	0.1053453	0.09780095	0.227185	0.2185598	0.1946069	0.2180565	0.2982264	0.1828453	0.1918336	0.224711	0.1548403	0.1297525	0.1288276
2/14/2023 10:00:00 PM	75	0.180621	0.1976001	0.2140317	0.2384197	0.153224	0.1879897	0.2380012	0.1958501	0.07581196	0.09493129	0.1066205	0.09930357	0.2350728	0.2220596	0.1985412	0.2241956	0.3069304	0.1867873	0.2000296	0.2317107	0.1561942	0.1322841	0.1241124
2/15/2023 12:00:00 AM	77	0.1849032	0.2054105	0.2218514	0.2491869	0.1572385	0.1980704	0.199174	0.1988372	0.07671835	0.09447376	0.1061702	0.0984239	0.2376353	0.2279732	0.2067829	0.236007	0.3250653	0.1927706	0.2023893	0.2412552	0.1506655	0.1308894	0.122323
2/15/2023 2:00:00 AM	79	0.192719	0.2117737	0.2272353	0.257792	0.1601549	0.1965624	0.2116974	0.2003028	0.08088541	0.09644109	0.1045695	0.1033354	0.2480414	0.2339657	0.2155362	0.2389559	0.3402929	0.1981668	0.2054119	0.2444007	0.1556308	0.1313087	0.1175056
2/15/2023 4:00:00 AM	81	0.1956222	0.2128833	0.2377528	0.2703846	0.1662943	0.1998908	0.2270042	0.2121441	0.08068372	0.09654241	0.1069576	0.1050015	0.2521941	0.242946	0.220486	0.253707	0.3514649	0.2087616	0.2095373	0.2519504	0.1593926	0.1362204	0.1180047
2/15/2023 6:00:00 AM	83	0.2003146	0.2220859	0.2391327	0.2851472	0.1731519	0.2077885	0.217804	0.219325	0.08278122	0.09713561	0.1090785	0.1087518	0.2595422	0.2517445	0.2244442	0.2614258	0.3605494	0.2176507	0.2101422	0.2561708	0.1667721	0.1380228	0.1205186
2/15/2023 8:00:00 AM	85	0.2109042	0.2274688	0.2528155	0.2958475	0.1760908	0.208673	0.2236786	0.2263507	0.08474097	0.0996587	0.109553	0.1111268	0.2687334	0.2598013	0.2413379	0.2689855	0.3713634	0.2212833	0.214459	0.2637174	0.1707127	0.1466306	0.1219175
2/15/2023 10:00:00 AM	87	0.2158074	0.2341681	0.2587659	0.303345	0.177178	0.2123013	0.2512005	0.238355	0.0881977	0.1025015	0.1119506	0.1131348	0.2789336	0.2665474	0.2464726	0.2795059	0.3874774	0.2283537	0.225807	0.2611574	0.1723908	0.1439129	0.123045
