Vessel Name: AS_P22
Date Time	Elapsed	A1	B1	C1	D1	A2	B2	C2	D2	A3	B3	C3	D3	A4	B4	C4	D4	A5	B5	C5	D5	A6	B6	C6	D6
2/8/2023 6:31:00 PM	0	3.724	3.84725	3.81834	3.963509	3.896686	3.717605	3.670891	4.000299	3.660831	4.275963	3.89094	3.951291	3.738554	3.656057	3.574538	3.910903	3.822939	3.701699	3.526781	3.508648	3.82982	3.621391	3.386962	3.892264
2/8/2023 7:35:00 PM	1.06666666666667	3.770454	3.790545	3.726677	3.998702	3.490841	3.468442	3.264589	3.599059	3.340064	3.898419	3.669183	3.270839	4.072639	3.754666	3.768073	3.770614	3.929572	3.457426	3.312318	3.623978	3.661342	3.382403	3.333919	3.870706
2/8/2023 9:35:00 PM	3.06666666666667	3.572687	3.644973	3.556262	3.819234	2.682118	2.40655	2.467194	2.707289	2.19015	2.680207	2.49607	2.478322	3.747298	3.389208	3.355513	3.540816	3.581663	3.344039	3.045028	3.394585	3.402374	3.105404	3.068695	3.585948
2/8/2023 10:35:00 PM	4.06666666666667	3.422378	3.562905	3.55917	3.769763	2.488	2.216817	2.166815	2.373752	1.952963	2.375184	2.166276	2.21965	3.586104	3.349258	3.276258	3.514873	3.401952	3.208283	2.933069	3.266183	3.168894	2.8841	2.854689	3.321727
2/8/2023 11:35:00 PM	5.06666666666667	3.461537	3.536903	3.439483	3.723612	2.238927	2.000021	1.999414	2.188125	1.765204	2.169038	1.895648	1.993621	3.513155	3.27816	3.27673	3.474725	3.26877	3.136515	2.782648	3.132722	3.00779	2.699781	2.587896	3.082048
2/9/2023 1:35:00 AM	7.06666666666667	3.346013	3.571507	3.447961	3.685838	1.982098	1.778021	1.793526	1.926315	1.452719	1.860648	1.617375	1.723666	3.478849	3.189445	3.221361	3.451591	3.077398	2.830295	2.562809	2.948557	2.606489	2.340793	2.191437	2.698898
2/9/2023 3:35:00 AM	9.06666666666667	3.30614	3.591849	3.377913	3.684712	1.75987	1.518839	1.603398	1.759328	1.234332	1.552949	1.336509	1.500026	3.489722	3.218254	3.157757	3.488437	2.810327	2.590173	2.257811	2.764637	2.260768	2.029479	1.897175	2.355255
2/9/2023 5:35:00 AM	11.0666666666667	3.38406	3.655261	3.40253	3.692892	1.615187	1.344065	1.451117	1.585616	1.099684	1.330076	1.166396	1.386976	3.498316	3.190915	3.135335	3.366183	2.632164	2.385224	2.067166	2.558094	1.942796	1.787281	1.676179	2.068539
2/9/2023 7:35:00 AM	13.0666666666667	3.439291	3.67868	3.52228	3.720341	1.497774	1.227964	1.361913	1.453645	0.9577254	1.188323	1.037581	1.259906	3.558433	3.24366	3.241524	3.44115	2.451838	2.258052	1.872735	2.402031	1.684517	1.543789	1.439632	1.832066
2/9/2023 9:35:00 AM	15.0666666666667	3.469028	3.788095	3.544527	3.876496	1.432403	1.128217	1.252253	1.446397	0.8347002	1.086697	1.010028	1.136235	3.658042	3.240526	3.257851	3.520178	2.309304	2.139085	1.733813	2.256533	1.47701	1.36493	1.292949	1.660584
2/9/2023 11:35:00 AM	17.0666666666667	3.651291	3.925398	3.712249	4.029609	1.38938	1.095938	1.20553	1.393202	0.8127211	1.032539	0.8774975	1.073748	3.751737	3.360931	3.411196	3.681512	2.238279	2.04201	1.60375	2.153625	1.321423	1.220153	1.170647	1.449941
2/9/2023 1:35:00 PM	19.0666666666667	3.728177	4.116609	3.83491	4.195071	1.342077	1.0702	1.181929	1.402882	0.7864274	0.9752433	0.8527298	1.052624	3.858515	3.326665	3.44224	3.769102	2.168337	1.98243	1.527576	2.092559	1.233374	1.14378	1.078017	1.360584
2/9/2023 3:35:00 PM	21.0666666666667	3.796458	4.179229	3.91547	4.30162	1.331183	1.070248	1.129804	1.352566	0.7606644	0.9136585	0.7991846	1.011659	3.969514	3.460326	3.543259	3.938148	2.125179	1.875241	1.472378	2.018514	1.148696	1.070014	0.9925343	1.287391
2/9/2023 5:35:00 PM	23.0666666666667	3.829911	4.212145	4.021185	4.481067	1.317047	1.055591	1.155774	1.373676	0.7266611	0.8791091	0.7424772	0.9933209	4.049361	3.459117	3.589387	4.034382	2.093163	1.758646	1.402728	1.924847	1.10038	1.003335	0.9632151	1.210616
2/9/2023 8:35:00 PM	26.0666666666667	4.120713	4.375481	4.164135	4.623109	1.379196	1.116721	1.160635	1.396263	0.7544219	0.8561034	0.7910973	1.003683	4.285415	3.700164	3.929369	4.44451	1.976748	1.784392	1.339407	1.889259	1.036795	0.9659297	0.9389147	1.238468
2/9/2023 9:35:00 PM	27.0666666666667	4.104803	4.476842	4.245357	4.651306	1.330373	1.058877	1.128984	1.397456	0.7303618	0.8080935	0.7412497	0.9883965	4.169267	3.682999	3.944086	4.428708	1.966031	1.712346	1.294809	1.847242	1.017945	0.9419448	0.9111444	1.183723
2/9/2023 10:35:00 PM	28.0666666666667	4.108589	4.462529	4.20486	4.732906	1.311207	1.067186	1.112586	1.394552	0.7175266	0.8119127	0.7059627	0.9893323	4.240651	3.651587	3.891802	4.400415	1.905873	1.638379	1.239555	1.786584	0.9938784	0.9010796	0.8831568	1.179077
2/9/2023 11:35:00 PM	29.0666666666667	4.075142	4.528776	4.241845	4.766101	1.334485	1.058423	1.109558	1.4283	0.7063954	0.8166727	0.7017218	0.9733125	4.208215	3.661134	3.884824	4.405704	1.851154	1.59843	1.214191	1.789958	0.9908676	0.8938613	0.8890247	1.157357
2/10/2023 1:35:00 AM	31.0666666666667	4.153263	4.567911	4.267769	4.864425	1.313614	1.068439	1.117754	1.454245	0.7254179	0.8122965	0.6903409	0.9538228	4.21758	3.589462	3.990007	4.431892	1.792498	1.540798	1.188362	1.762827	0.9766808	0.8863077	0.9133698	1.064523
2/10/2023 3:35:00 AM	33.0666666666667	4.184083	4.649635	4.287198	4.933689	1.35088	1.074407	1.122904	1.496455	0.7147399	0.7799892	0.6745944	0.9749279	4.265369	3.618846	4.08134	4.501059	1.690227	1.492782	1.153523	1.716925	0.9735966	0.8698768	0.8908819	1.073079
2/10/2023 5:35:00 AM	35.0666666666667	4.245585	4.67642	4.337193	5.041063	1.354038	1.060367	1.160835	1.583013	0.7248388	0.7760171	0.6730538	1.025121	4.318833	3.609697	4.144959	4.519257	1.608897	1.421571	1.158275	1.675215	0.9835813	0.9056507	0.9190338	1.088738
2/10/2023 7:35:00 AM	37.0666666666667	4.363827	4.737536	4.481795	5.137427	1.408575	1.067676	1.156973	1.591721	0.7320438	0.7644501	0.6853802	1.070477	4.368443	3.583595	4.173445	4.634411	1.616116	1.39555	1.132484	1.630388	0.9613153	0.9142936	0.9152641	1.103535
2/10/2023 9:35:00 AM	39.0666666666667	4.405067	4.683899	4.607466	5.170607	1.447807	1.088184	1.208816	1.604985	0.7351496	0.7894992	0.6836908	1.129509	4.321681	3.528963	4.187716	4.573368	1.602859	1.375952	1.134283	1.619704	0.9909605	0.9170493	0.9616478	1.079986
2/10/2023 11:35:00 AM	41.0666666666667	4.474735	4.739525	4.656753	5.240245	1.488824	1.174593	1.234449	1.703175	0.7940674	0.8384449	0.6989315	1.127605	4.364251	3.600851	4.159361	4.691587	1.648147	1.355767	1.10401	1.595236	0.9930071	0.9217356	0.9836454	1.122816
2/10/2023 3:30:00 PM	44.9833333333333	4.621639	4.94602	4.835981	5.44475	1.636294	1.307257	1.429479	1.845063	0.8623549	0.9050788	0.8347652	1.214222	4.586606	3.819896	4.320969	4.692739	1.681511	1.413711	1.152665	1.65721	1.040935	0.9935701	1.083186	1.216222
2/10/2023 5:35:00 PM	47.0666666666667	4.473955	4.787393	4.768486	5.26233	1.626909	1.266833	1.42799	1.939271	0.8540254	0.9003176	0.8182604	1.247919	4.369877	3.735662	4.113448	4.690527	1.612863	1.304822	1.104411	1.6319	1.025523	0.954356	1.086826	1.207314
2/10/2023 8:35:00 PM	50.0666666666667	4.527612	4.690547	4.70638	5.396214	1.687019	1.315784	1.464479	1.972356	0.872793	0.9156091	0.8388878	1.259921	4.308731	3.729833	4.117103	4.592407	1.644434	1.320067	1.103739	1.626831	1.037176	1.00608	1.151989	1.222786
2/10/2023 11:35:00 PM	53.0666666666667	4.488853	4.629432	4.661343	5.255854	1.731688	1.346345	1.524849	2.086916	0.881029	0.9697419	0.8976679	1.30966	4.220503	3.553722	3.987936	4.592103	1.605345	1.295823	1.109978	1.641887	1.035955	1.033589	1.109762	1.273093
2/11/2023 1:35:00 AM	55.0666666666667	4.440606	4.592244	4.594342	5.304023	1.775079	1.352681	1.577752	2.118377	0.9301813	0.9867518	0.9078707	1.367226	4.078872	3.469051	3.884757	4.466465	1.576815	1.306603	1.107801	1.620458	1.064109	1.054012	1.11346	1.342995
2/11/2023 3:35:00 AM	57.0666666666667	4.311764	4.465863	4.546327	5.304367	1.762382	1.375541	1.628732	2.151677	0.9535525	0.9971407	0.9595475	1.382985	4.037114	3.320688	3.782974	4.444605	1.629162	1.289113	1.125355	1.626079	1.099507	1.039181	1.131904	1.372657
2/11/2023 5:35:00 AM	59.0666666666667	4.229388	4.42858	4.500141	5.129895	1.798477	1.413104	1.644751	2.221173	0.9709308	1.028665	0.9821001	1.449153	3.916777	3.228525	3.627966	4.347702	1.586898	1.341118	1.102355	1.603792	1.135307	1.038853	1.123061	1.408049
2/11/2023 7:35:00 AM	61.0666666666667	4.07691	4.383071	4.486925	5.117755	1.784853	1.441995	1.688028	2.219896	0.984308	1.06423	0.9863137	1.538635	3.769374	3.122231	3.542433	4.241185	1.58354	1.309099	1.102826	1.572743	1.147565	1.023404	1.140963	1.400853
2/11/2023 9:35:00 AM	63.0666666666667	4.132082	4.281605	4.328207	5.060321	1.825391	1.460402	1.70029	2.243269	1.003312	1.053056	0.9998552	1.635622	3.6912	2.996847	3.429414	4.126641	1.565966	1.339931	1.120754	1.557825	1.163149	1.017081	1.133303	1.448123
2/11/2023 11:35:00 AM	65.0666666666667	3.937281	4.174595	4.238799	4.915417	1.833877	1.486356	1.679066	2.275391	1.027239	1.033401	1.007241	1.580462	3.605433	2.927445	3.313452	3.964019	1.539281	1.333632	1.123282	1.526198	1.164838	1.002036	1.137268	1.43993
