Vessel Name: AS_P22
Date Time	Elapsed	A1	B1	C1	D1	A2	B2	C2	D2	A3	B3	C3	D3	A4	B4	C4	D4	A5	B5	C5	D5	A6	B6	C6	D6
2/8/2023 6:31:00 PM	0	12.65015	11.47558	10.37108	12.68902	10.54399	10.36283	8.552817	8.508194	11.10937	8.245964	9.189696	10.37699	11.45191	9.324272	8.610374	11.21176	10.89082	9.207085	8.793727	10.82872	12.53089	11.60174	10.40555	12.50648
2/8/2023 7:35:00 PM	1.06666666666667	12.66286	11.83693	10.80936	12.64584	10.72363	10.22773	8.7092	8.525826	11.09041	8.26675	8.910638	10.73944	11.50141	9.555587	8.569686	10.92231	10.6694	9.06495	8.646299	10.62527	12.7668	11.59861	10.6705	12.65559
2/8/2023 9:35:00 PM	3.06666666666667	13.50031	12.67133	11.13673	13.48795	11.90804	11.07259	9.34225	9.200764	12.36463	9.287066	9.915626	11.6426	12.55059	10.23028	9.165999	12.29557	11.62595	9.904217	9.268563	11.54086	13.61998	12.49899	11.30358	13.61629
2/8/2023 10:35:00 PM	4.06666666666667	13.95343	12.89621	11.74781	13.98367	12.58556	11.5364	9.679957	9.647285	12.93764	9.709049	10.65831	12.14273	12.9654	10.33234	9.270711	12.73091	11.99131	10.1554	9.588798	12.05175	14.0725	13.10915	11.57205	14.16192
2/8/2023 11:35:00 PM	5.06666666666667	14.63448	13.49277	12.14216	14.46582	13.12145	11.88252	9.926036	9.635138	13.3248	10.0933	10.92693	12.36761	13.39057	10.36637	9.514062	13.09894	12.51563	10.552	9.863818	12.37072	14.5184	13.61764	12.13554	14.43954
2/9/2023 1:35:00 AM	7.06666666666667	15.43276	14.21664	12.66762	15.3905	13.77522	12.48687	10.23148	10.18403	13.7933	10.46524	11.49343	12.71591	14.03248	10.80828	9.67989	13.51439	13.13581	11.34923	10.66035	12.82308	15.76118	14.37657	12.65831	15.51153
2/9/2023 3:35:00 AM	9.06666666666667	16.30395	15.08961	13.49505	16.16337	14.47986	13.16022	10.79262	10.5246	14.58887	10.82787	11.54007	13.29845	14.61202	11.55629	10.50962	14.26534	14.20319	11.8315	11.19792	13.56758	16.57771	15.43039	13.44859	16.29851
2/9/2023 5:35:00 AM	11.0666666666667	17.29619	16.19124	14.28101	17.11893	15.01227	14.08626	11.47353	11.05301	14.97704	11.20383	12.01247	13.86864	15.66524	11.84397	10.89918	15.15636	15.04402	12.51707	11.86924	14.96959	17.54563	16.44415	14.38774	16.70983
2/9/2023 7:35:00 AM	13.0666666666667	18.47117	17.15776	15.44342	18.40403	15.77422	15.30667	11.8081	11.87922	15.84924	11.98804	12.95335	14.83275	16.91097	12.65663	11.74478	16.56367	16.27829	13.5011	12.65146	15.72926	18.96248	17.76066	15.7021	18.08697
2/9/2023 9:35:00 AM	15.0666666666667	20.34555	18.35571	16.59078	19.35119	17.02159	16.18978	12.47815	12.36573	16.70742	12.37606	13.77841	15.4931	18.12312	13.74113	12.81637	17.556	16.91155	14.21009	13.44328	16.62146	20.26947	18.95742	16.54144	19.38433
2/9/2023 11:35:00 AM	17.0666666666667	21.49848	19.19213	17.93211	20.84693	17.79473	17.04109	13.34407	13.12847	17.77112	12.89966	14.69538	16.32149	19.41746	14.56738	13.60897	18.82487	17.99596	15.16647	14.23913	17.8077	21.83977	20.19181	17.46439	20.672
2/9/2023 1:35:00 PM	19.0666666666667	22.78168	20.12084	19.11727	21.98136	18.96798	17.87851	13.52975	13.90062	18.66209	13.52767	15.18583	16.74421	20.48187	15.91998	14.52588	19.42053	18.58515	15.85693	15.06904	18.70868	23.0463	21.26058	18.58634	21.91229
2/9/2023 3:35:00 PM	21.0666666666667	24.58067	21.52982	20.09504	23.28633	19.76434	18.62599	14.33964	14.78795	19.60995	14.35348	16.35816	17.61093	21.95667	16.53128	15.47236	20.73964	19.80474	16.89243	15.47537	20.00327	24.25285	22.48867	19.85125	23.0504
2/9/2023 5:35:00 PM	23.0666666666667	25.79712	22.71123	20.92701	24.92752	20.69938	19.67964	15.08579	15.37703	20.27629	15.13522	17.145	18.47143	23.48781	17.32085	16.14755	21.92436	20.99389	17.96737	16.1981	21.74683	25.46859	23.23583	20.60249	24.31544
2/9/2023 8:35:00 PM	26.0666666666667	27.66892	25.3034	23.07002	27.40766	22.0232	21.09051	16.2663	16.97892	21.54657	15.99536	18.12366	20.08545	25.65506	18.69359	17.59534	23.90876	22.50311	19.38703	17.59583	23.32771	27.15152	24.32672	21.72845	26.08442
2/9/2023 9:35:00 PM	27.0666666666667	29.18805	26.06308	23.92861	28.16496	22.64437	21.53883	16.70871	17.15537	22.07145	16.31667	18.44922	20.48097	26.27101	19.23938	18.08386	24.65617	23.08132	19.65002	17.90113	23.56196	27.28546	24.54115	21.88593	26.31996
2/9/2023 10:35:00 PM	28.0666666666667	30.27205	26.89105	24.92706	29.56396	23.36028	22.05619	17.34114	17.57393	22.72938	16.94219	18.74519	21.10545	27.25736	19.88838	18.50316	25.96632	23.82788	20.52222	18.51863	24.34849	27.85644	25.03853	22.4498	26.7798
2/9/2023 11:35:00 PM	29.0666666666667	31.4643	28.12142	25.84981	30.20245	24.0579	22.46856	17.60216	18.01377	22.97544	17.11594	19.16809	21.39538	28.22239	20.36208	19.02368	26.92332	24.37596	21.09988	19.25383	25.03819	28.35196	25.39033	22.8071	27.19187
2/10/2023 1:35:00 AM	31.0666666666667	33.0326	30.43187	27.60142	31.96834	25.01671	23.51546	18.2452	18.92401	23.70733	17.8979	19.91743	22.19072	29.85976	21.63491	20.33792	28.56096	25.58907	22.64004	20.0256	25.92757	29.0582	26.14808	23.31172	27.6616
2/10/2023 3:35:00 AM	33.0666666666667	35.19549	32.59488	29.53486	33.87793	26.53492	24.51005	19.13993	20.45402	24.87714	18.62016	20.51875	23.03319	31.9362	23.15209	21.88871	30.83529	26.81118	23.63798	20.997	27.45146	30.10565	27.17708	24.38328	28.44745
2/10/2023 5:35:00 AM	35.0666666666667	36.87508	34.25391	30.89826	35.1135	27.77896	25.33655	19.94259	21.10013	25.83093	19.32069	21.51052	24.01681	33.71889	24.72694	23.32505	31.84478	28.04594	25.10233	22.32083	28.8181	31.31957	28.25146	25.31711	29.04649
2/10/2023 7:35:00 AM	37.0666666666667	39.02544	36.58588	32.96035	37.52848	29.37113	26.85123	21.25504	22.44833	27.42843	20.50179	23.09468	24.99053	36.42376	26.49861	25.33821	33.55897	30.40543	26.68445	23.75992	31.13022	31.91944	29.0822	26.37256	30.30616
2/10/2023 9:35:00 AM	39.0666666666667	40.47738	38.85307	34.47095	39.54488	30.95672	28.1868	22.40038	23.47418	28.96539	21.23891	23.95924	25.72853	38.56515	28.31728	26.80823	35.65041	32.01515	28.0681	24.96074	32.61803	32.67746	30.03908	27.04932	30.96905
2/10/2023 11:35:00 AM	41.0666666666667	42.92958	41.4427	36.1948	41.73331	32.17675	29.49941	24.10864	25.14956	29.69997	22.04436	24.98558	27.3867	40.93206	30.32342	28.55763	38.00663	33.48385	29.24611	26.26809	34.76145	33.83489	31.48217	27.8761	31.34397
2/10/2023 3:30:00 PM	44.9833333333333	47.58432	46.89594	40.19154	45.07593	35.97147	32.25143	26.27041	26.68938	32.12962	23.78763	26.72239	29.5653	45.11172	35.359	32.65034	39.99218	37.2033	31.6148	28.61087	37.71479	36.28781	34.05949	29.55029	32.43398
2/10/2023 5:35:00 PM	47.0666666666667	50.24253	49.01845	43.40206	47.95543	38.5965	33.26194	27.50941	28.58313	34.43804	25.02265	28.14251	31.65574	48.34969	37.12827	35.01248	42.76898	39.54884	33.54115	30.14617	40.19681	37.5383	34.7641	30.5065	33.55193
2/10/2023 8:35:00 PM	50.0666666666667	54.25271	53.39634	47.80445	51.03222	41.51447	34.86585	29.67	32.04321	36.70585	26.65548	30.43654	33.62296	51.72483	40.76325	37.87249	46.90852	42.54198	36.06295	32.26466	42.69058	39.3635	36.13119	31.40772	34.92115
2/10/2023 11:35:00 PM	53.0666666666667	57.73574	57.61015	51.04073	53.56387	44.81387	38.00887	32.19495	34.65611	39.96436	28.82867	32.0626	35.36352	55.39978	44.43994	41.94941	50.91185	45.47468	39.58731	34.45972	45.49497	41.20778	37.41171	33.1277	36.07707
2/11/2023 1:35:00 AM	55.0666666666667	59.47905	59.6375	52.97716	54.9653	46.85194	39.43285	33.18964	35.6621	42.02667	30.26328	32.89585	36.85938	58.53062	46.75898	45.01532	52.735	47.99422	41.21523	36.16266	47.28406	42.46679	38.2659	34.00028	36.90653
2/11/2023 3:35:00 AM	57.0666666666667	61.24454	62.48295	55.41711	56.78706	48.48594	41.42244	34.7123	37.21019	43.79119	31.60636	34.68808	37.90653	61.48497	49.20058	48.36938	56.04251	50.44208	44.01974	37.87708	49.24681	43.71656	39.70016	35.01376	38.10999
2/11/2023 5:35:00 AM	59.0666666666667	62.99721	64.74304	56.96644	58.6811	50.62289	42.9847	36.80459	38.60021	45.23066	33.64381	36.69084	39.44395	64.54907	52.22729	51.34591	58.27178	52.27686	46.30802	39.5063	51.15602	44.79318	40.40728	36.39869	38.59488
2/11/2023 7:35:00 AM	61.0666666666667	64.76618	66.85355	58.83807	59.83463	53.52843	45.19204	38.37264	40.29287	47.55951	34.8775	38.00615	41.09474	67.85646	53.95715	54.23008	60.77154	54.93346	49.31918	41.84333	53.86804	46.30618	41.70586	37.3936	39.42722
2/11/2023 9:35:00 AM	63.0666666666667	66.73241	69.22365	60.97286	60.87879	56.75662	47.33451	40.81467	42.19587	50.08494	36.05425	40.07392	42.52959	71.12282	56.55362	57.04771	63.97173	57.51113	51.62756	44.08789	55.45104	47.83122	43.48173	38.78532	40.61303
2/11/2023 11:35:00 AM	65.0666666666667	68.25252	71.00629	63.08241	62.67549	59.21033	49.5154	42.59229	44.40687	52.42239	38.06422	42.41938	44.12795	74.13898	58.70084	59.87673	67.02443	60.12325	53.41724	45.74586	57.74769	49.73343	45.68644	40.48332	41.43293
