Vessel Name: AS_P9
Date Time	Elapsed	A1	B1	C1	D1	A2	B2	C2	D2	A3	B3	C3	D3	A4	B4	C4	D4	A5	B5	C5	D5	A6	B6	C6	D6
2/8/2023 5:25:00 PM	0	43.32347	43.1699	43.5406	40.39598	38.30213	41.81987	36.10854	39.26347	41.95103	37.34634	41.32341	33.47243	33.33341	33.98909	32.28154	34.91978	31.59024	37.78107	32.81128	34.87302	37.0482	36.01244	36.24318	38.65738
2/8/2023 7:13:00 PM	1.8	45.89571	44.14022	44.92073	41.37967	38.70287	42.06676	36.02023	39.88763	42.80122	38.18416	41.75945	33.64869	33.88859	35.09049	32.9724	36.27215	32.13039	38.34567	33.60458	36.03601	38.66406	37.6425	36.8545	39.41211
2/8/2023 11:13:00 PM	5.8	54.02537	53.10242	54.91814	49.71554	45.96046	49.4946	43.31376	47.9547	51.37229	45.59254	49.30669	39.90882	41.23471	42.18648	39.68416	42.90888	38.87563	46.5535	41.66358	44.24261	46.44801	45.49968	44.01221	47.87758
2/9/2023 3:13:00 AM	9.8	62.69445	62.46786	63.19815	58.05838	52.97482	57.77948	50.14489	55.61818	59.52559	52.70248	57.50962	46.39528	47.7768	49.81491	45.83142	49.53824	45.09635	52.91433	47.83382	50.88085	53.24439	52.23145	50.25838	54.10548
2/9/2023 7:13:00 AM	13.8	71.09414	71.37804	71.33385	65.41008	62.44742	66.75106	58.03052	63.44373	68.173	59.93546	66.48637	54.17552	55.27425	56.69732	53.39514	57.69389	52.02262	60.94818	54.68622	58.02646	60.94862	60.71464	58.20629	62.32495
2/9/2023 11:13:00 AM	17.8	77.9341	79.39888	78.97911	72.3746	70.22498	73.68114	64.92372	70.85665	75.7328	67.36102	74.97131	61.34689	62.4026	64.20638	59.97351	64.97357	58.71376	68.01297	62.135	65.41562	68.17081	68.9257	67.24483	70.88805
2/9/2023 3:13:00 PM	21.8	83.10612	84.80167	84.84578	78.15368	75.8874	79.03004	71.81113	77.07388	82.59288	73.61559	80.92437	67.34923	69.1366	69.9798	66.49235	71.48262	65.34236	74.26067	68.93556	71.22674	73.81638	75.8848	75.62908	78.03146
2/9/2023 11:13:00 PM	29.8	89.59351	91.75837	92.54358	86.19473	85.67401	86.78316	82.49025	87.1479	92.4023	84.14407	90.0754	79.97945	81.41888	80.52599	74.63232	81.46468	76.86098	83.48242	79.3968	80.82433	81.48058	86.42379	88.08405	88.65086
2/10/2023 3:13:00 AM	33.8	91.34158	93.8252	94.6679	88.74459	88.36115	89.53426	85.88722	91.04831	95.7133	88.09274	93.6811	85.33977	86.47407	84.44653	78.21205	85.04776	81.09002	87.94209	83.3654	84.2113	85.28304	90.98262	92.87006	91.6203
2/10/2023 7:13:00 AM	37.8	93.44611	94.55892	96.08718	90.48592	90.69222	91.97205	88.95107	93.00321	97.39874	91.73112	96.55779	88.31853	89.48119	87.39497	81.33633	88.01051	85.31254	90.62681	86.19781	86.49279	87.97758	93.6296	95.83064	93.61927
2/10/2023 11:13:00 AM	41.8	95.09299	95.41267	97.37148	92.42207	92.11829	93.28041	91.57812	94.69878	98.47992	94.22161	97.62532	90.91446	91.26893	89.62596	83.95871	89.98178	89.18013	92.29204	88.52544	89.30148	89.92741	95.28301	97.74908	94.91457
2/10/2023 2:21:00 PM	44.9333333333333	96.01118	95.95838	97.76923	93.93818	93.32742	94.44096	93.1756	95.77419	99.02362	95.53282	98.50447	92.95448	92.62405	91.60832	85.556	91.00955	91.05919	94.13632	90.74134	90.92674	91.42448	96.31612	98.73937	95.80766
2/10/2023 5:05:00 PM	47.6666666666667	97.08083	96.37113	98.31819	94.44537	94.01518	95.48334	94.15487	96.21857	99.41872	96.69627	98.9394	94.43574	93.38729	93.01646	86.99151	92.02602	92.05213	95.08665	91.83938	92.34563	91.86243	97.45057	99.11716	96.52486
