Vessel Name: AS_P9
Date Time	Elapsed	A1	B1	C1	D1	A2	B2	C2	D2	A3	B3	C3	D3	A4	B4	C4	D4	A5	B5	C5	D5	A6	B6	C6	D6
2/8/2023 5:25:00 PM	0	4.145448	4.046302	4.061235	4.296776	4.142443	3.889151	3.930138	4.213398	4.168929	3.937944	4.132972	3.978193	4.031898	3.976945	4.061952	4.193591	4.063591	3.974415	4.14123	4.014701	3.967179	3.992473	4.102742	3.889855
2/8/2023 7:13:00 PM	1.8	4.507022	4.259241	4.25642	4.541775	4.124026	3.905	4.089465	4.199486	4.198707	3.931196	4.290836	4.137524	3.899579	3.836175	3.967171	4.228203	4.058908	3.886938	4.124455	4.098372	4.024873	4.048228	4.126667	3.861195
2/8/2023 11:13:00 PM	5.8	3.987288	3.889381	3.840476	4.215966	3.585375	3.396993	3.362733	3.594289	3.305604	3.196655	3.280087	3.159807	2.914681	2.856058	2.81558	3.058392	2.979599	2.693715	2.780016	2.717736	3.417405	3.490905	3.458125	3.194316
2/9/2023 3:13:00 AM	9.8	3.879835	3.810953	3.738519	4.140917	3.34077	3.163782	3.16096	3.390377	2.903977	2.866852	2.948144	2.883699	2.465893	2.299425	2.275402	2.559541	2.384471	2.057321	2.244195	2.11599	3.206102	3.215264	3.163853	2.909598
2/9/2023 7:13:00 AM	13.8	3.845556	3.784505	3.708532	4.114402	3.144961	2.937549	3.021957	3.298402	2.610395	2.514834	2.639813	2.657407	2.075019	1.988758	1.881923	2.183659	1.940585	1.613465	1.733886	1.653277	3.083942	3.005844	2.927935	2.743293
2/9/2023 11:13:00 AM	17.8	3.891108	3.777471	3.739537	4.038969	3.028106	2.873761	2.936597	3.288641	2.526305	2.339454	2.452366	2.579849	1.838504	1.701152	1.660948	1.938373	1.610737	1.31542	1.404404	1.353736	3.05232	2.894562	2.741447	2.614842
2/9/2023 3:13:00 PM	21.8	3.865321	3.687324	3.742301	4.175688	3.025567	2.78785	2.913923	3.28167	2.351101	2.237338	2.331209	2.449634	1.647385	1.510654	1.490462	1.775274	1.417007	1.097792	1.138509	1.124244	3.063365	2.749877	2.606836	2.42461
2/9/2023 11:13:00 PM	29.8	3.779206	3.623446	3.662478	4.206922	2.901177	2.538347	2.714375	3.144355	2.029037	2.047451	2.165742	2.229096	1.401814	1.265626	1.273757	1.486913	1.256088	0.8661362	0.8472472	0.8329125	3.216827	2.601308	2.404267	2.157493
2/10/2023 3:13:00 AM	33.8	3.819202	3.619329	3.695389	4.137454	2.771542	2.440331	2.610397	3.058629	1.944818	1.957874	2.005513	2.115406	1.302703	1.190657	1.188979	1.370532	1.1954	0.7668754	0.7580996	0.7473378	3.15688	2.542515	2.16041	2.010174
2/10/2023 7:13:00 AM	37.8	3.902229	3.653611	3.804918	4.114177	2.684526	2.331317	2.545532	2.982713	1.871971	1.848406	1.881401	2.035537	1.214637	1.122637	1.107808	1.252884	1.178994	0.7069081	0.6925585	0.7084005	3.085362	2.401328	2.020333	1.92219
2/10/2023 11:13:00 AM	41.8	4.024361	3.783771	3.879885	4.127048	2.708702	2.321788	2.410441	2.926333	1.78981	1.74816	1.803596	1.951819	1.166036	1.052356	1.039032	1.180717	1.168588	0.6696938	0.6505753	0.6695364	2.990707	2.365371	1.916905	1.816503
2/10/2023 2:21:00 PM	44.9333333333333	4.115277	3.948769	3.96983	4.290695	2.614012	2.27886	2.391889	2.840184	1.730593	1.655317	1.741795	1.869472	1.132492	0.9788284	0.9940047	1.136368	1.179556	0.6537536	0.6284363	0.6468502	2.956632	2.308893	1.845577	1.712093
2/10/2023 5:05:00 PM	47.6666666666667	4.158559	4.007747	4.02164	4.316881	2.632638	2.276991	2.355485	2.802407	1.700762	1.584497	1.683991	1.813911	1.075385	0.9289634	0.9383454	1.073905	1.156854	0.6309252	0.6255425	0.6671804	2.962902	2.314697	1.721176	1.663175
