Vessel Name: AS_P6
Date Time	Elapsed	A1	B1	C1	D1	A2	B2	C2	D2	A3	B3	C3	D3	A4	B4	C4	D4	A5	B5	C5	D5	A6	B6	C6	D6
2/9/2023 7:13:00 PM	0	4725065	3857480	3683274	4682253	3595156	4020632	2557529	3234116	3326118	2740870	2780446	3506334	3477910	3154701	3088956	3327602	3284492	2642535	2940217	3346044	4814164	4576590	3597702	4755641
2/9/2023 8:15:00 PM	1.03333333333333	5569250	4180679	3896386	4924897	4297166	4762056	2659992	3470533	3758623	3265623	3107670	3809424	4072423	3597470	3376374	3659666	3641301	3117268	3355888	3687732	5643821	5113242	4141506	5380746
2/9/2023 10:54:00 PM	3.68333333333333	4735336	4050875	3803187	4815819	3664208	4038271	2544697	3379544	3287839	2704799	2932741	3624507	3550175	3165385	3068101	3403678	3220874	2742330	2994652	3427440	4834770	4411476	3530273	4752347
2/10/2023 2:54:00 AM	7.68333333333333	6318027	5576105	5110818	6662259	4887022	5488617	3507800	4682496	4432003	3755351	4026688	5010798	4500429	4022132	3842913	4434833	3847563	3300476	3507153	4165770	4603893	4211445	3409362	4515263
2/10/2023 6:54:00 AM	11.6833333333333	7639704	6688465	6144785	7819045	5887857	6498012	4274632	5569674	5325305	4444305	4794089	6094538	5369984	4837691	4697030	5310913	4720621	4027596	4155373	4937473	4809364	4350662	3445726	4598756
2/10/2023 10:54:00 AM	15.6833333333333	7380993	6508687	5952736	7511829	5754331	6141453	4225073	5539735	5133521	4274543	4708303	6021775	5140104	4692381	4507733	5018136	4670733	4016170	4165653	4893128	4585206	4229624	3379825	4447974
2/10/2023 2:01:00 PM	18.8	7012736	6182578	5676173	7232406	5511662	5782982	4167402	5239986	4864569	4066403	4401810	5744694	4797638	4479641	4127957	4739165	4427987	3830354	3851685	4617799	4614409	4068240	3376223	4343800
2/10/2023 6:54:00 PM	23.6833333333333	6517698	6024365	5492715	6885781	5320216	5520372	3929129	5114969	4611725	3767105	4105383	5558664	4404688	4229451	3760014	4499298	4142813	3536250	3657514	4169734	4569237	4140110	3279855	4442862
2/10/2023 8:15:00 PM	25.0333333333333	6486441	6008403	5492506	6795307	5305847	5431968	3932940	5112736	4555101	3735428	4082757	5561180	4389703	4228497	3764233	4482796	4153103	3521285	3647118	4159122	4671865	4195133	3312315	4494626
2/10/2023 10:54:00 PM	27.6833333333333	6301981	6047548	5413341	6699236	5420921	5509702	3992425	5221270	4536843	3717388	4093546	5555699	4417925	4267436	3742440	4523928	4143619	3612642	3722121	4177414	4803387	4358947	3564367	4742808
2/11/2023 2:54:00 AM	31.6833333333333	6372748	6278632	5461866	6669297	5599683	5594199	4177302	5413303	4622654	3749338	4183010	5707576	4463331	4322508	3809777	4727741	4145001	3697522	3812980	4171497	5251907	4719879	3888622	5092328
2/11/2023 6:54:00 AM	35.6833333333333	6404273	6509288	5603281	6769319	5674926	5738747	4322996	5582982	4873544	3828820	4322801	5912311	4536509	4439604	3982552	4809335	4081613	3642543	3774291	4175874	5699081	5200174	4176188	5519214
2/11/2023 10:54:00 AM	39.6833333333333	6383584	6566573	5704700	6728271	5788452	5675849	4426309	5752547	5093013	3877391	4528926	6103184	4548247	4540223	4119368	4942312	4027707	3566811	3693627	4181564	6137311	5571815	4481176	5967731
2/11/2023 2:01:00 PM	42.8	6509888	6538407	5825818	6896529	5906425	5790487	4606917	5861839	5234295	4163494	4688669	6136280	4631262	4576502	4247050	5194090	4025151	3531288	3725834	3985025	6463803	5901820	4782432	6319694
2/11/2023 5:20:00 PM	46.1166666666667	6654885	6736334	6174026	7084306	6305610	5940057	4800259	6159464	5492452	4490336	4803042	6342272	4913143	4864481	4458684	5204427	4030464	3718700	3771803	3972939	6890325	6228000	5005051	6792792
2/11/2023 8:25:00 PM	49.2	7080202	7036364	6274127	7025928	6498913	6049993	5002993	6439150	5710419	4665277	5148576	6568323	5104293	5031348	4655109	5292539	4094113	3774487	3859074	4035023	7148004	6622454	5344936	7020832
2/11/2023 10:37:00 PM	51.4	7073380	6994073	6225962	7006603	6587077	5964817	5120401	6557723	5952774	4705927	5240591	6697930	5096919	5044038	4717541	5394484	4029135	3681004	3821718	4071508	7294267	6762961	5469649	7209369
2/12/2023 2:54:00 AM	55.6833333333333	7304086	6842176	6224704	6798710	6714494	5923846	5388361	6650068	6245719	5008507	5553998	6837460	5342941	5268128	4986573	5680836	4163409	3761961	3950583	4204975	7694065	7121576	5771449	7679762
2/12/2023 6:54:00 AM	59.6833333333333	7514506	7005747	6621008	6846633	6930991	6076548	5531430	6856962	6603343	5439588	5839073	7079406	5574588	5514371	5319271	6151352	4412510	3785670	4123612	4236950	8031801	7537080	5987539	8122512
2/12/2023 10:54:00 AM	63.6833333333333	7751587	7238820	6943013	6940491	7262090	6197135	5800880	6888801	6960600	5820555	6223895	7272590	6049407	5984327	5774696	6543304	4624723	3999460	4236694	4532873	8495067	7870592	6255534	8620821
2/12/2023 5:20:00 PM	70.1166666666667	8014479	7450017	7237106	7171810	7529024	6491481	6095752	7149745	7307365	6393070	6556510	7658162	6802602	6584875	6327458	7163113	5058008	4335151	4471980	5008142	9264073	8387844	6717435	9380962
2/12/2023 8:25:00 PM	73.2	8012900	7454603	7210659	7144172	7492527	6382477	6234912	7165794	7388520	6570688	6567266	7623940	7064035	6865230	6624646	7359490	5364270	4479482	4538549	5326326	9570658	8653130	6911433	9830431
2/12/2023 10:37:00 PM	75.4	7980792	7328576	7078179	7146752	7457579	6253374	6213659	7206645	7468166	6688503	6571108	7690657	7290414	7067103	6846062	7503494	5621168	4648461	4667759	5595253	9869946	8944757	7172983	1.012196E+07
2/13/2023 2:54:00 AM	79.6833333333333	8009118	7209127	6810869	7119399	7589780	6277251	6595833	7275964	7794107	7050099	6780168	7739399	7677842	7486357	7334771	7786892	6033081	5068259	4900717	6129089	1.042003E+07	9408228	7567536	1.051457E+07
2/13/2023 6:54:00 AM	83.6833333333333	8275723	7400627	6671295	7160828	7838521	6793403	6965831	7376575	8170745	7567447	7162761	7724029	8063672	7860803	7756434	8247097	6368647	5478604	5314103	6523602	1.058836E+07	9759379	7709699	1.080166E+07
2/13/2023 10:54:00 AM	87.6833333333333	8356369	7603352	6729951	7281112	7905523	6790670	7286417	7455198	8534072	7954419	7685691	7685055	8400791	8333589	8183874	8559404	6680041	5809727	5767303	7140003	1.093463E+07	9724361	7727053	1.094688E+07
