Vessel Name: AS_P6
Date Time	Elapsed	A1	B1	C1	D1	A2	B2	C2	D2	A3	B3	C3	D3	A4	B4	C4	D4	A5	B5	C5	D5	A6	B6	C6	D6
2/9/2023 7:13:00 PM	0	41.91076	40.79803	43.85656	40.28234	38.22151	39.57458	41.05716	39.17494	41.14984	44.40434	43.23753	40.72113	37.67062	39.23923	35.88755	45.18581	40.76081	44.31589	40.82571	39.63573	36.11182	34.9053	38.64792	38.39476
2/9/2023 8:15:00 PM	1.03333333333333	55.60749	46.79489	49.56362	45.38183	48.14047	48.53149	45.91766	42.81918	48.45221	49.04686	47.32465	41.77325	41.18648	40.33386	38.3429	46.4695	42.68742	40.49271	39.81003	38.55191	35.79283	33.94696	36.99628	36.5501
2/9/2023 10:54:00 PM	3.68333333333333	42.06788	41.6506	44.05786	38.98377	34.93424	36.23421	39.14568	37.26588	36.93454	38.72743	38.45465	34.50216	30.08474	32.52282	30.16287	36.5164	29.31378	30.25248	28.37779	26.82209	22.36724	21.07912	23.64152	22.17812
2/10/2023 2:54:00 AM	7.68333333333333	34.91758	34.04575	36.24523	31.6266	29.51117	29.04368	31.02221	30.26007	28.92898	29.62444	29.89742	26.58949	23.32362	24.59168	22.92224	27.27142	21.76411	22.98304	21.68956	19.86892	18.53507	16.64577	18.74989	18.64288
2/10/2023 6:54:00 AM	11.6833333333333	32.27893	30.45598	32.03117	29.05443	26.54001	26.25169	27.84758	26.63694	25.20255	25.5407	26.13868	22.36522	18.50172	18.88134	18.11105	21.63708	15.73797	16.36483	15.65579	14.45969	14.62615	13.00813	15.18882	14.80455
2/10/2023 10:54:00 AM	15.6833333333333	33.94722	33.03683	33.78334	31.15634	27.72874	28.15315	29.75263	27.73919	26.04178	26.55725	27.16344	22.46917	18.05893	17.98737	16.98964	20.63507	14.00309	14.29158	13.76573	12.5259	13.04332	11.12735	12.96586	12.94021
2/10/2023 2:01:00 PM	18.8	37.35079	34.99482	35.00267	33.00463	28.92071	29.99691	31.18174	29.08649	27.22597	28.73517	26.84678	23.72009	18.60264	17.9928	17.46619	20.96653	14.03302	13.7803	14.13238	12.40102	12.35777	11.01758	12.52784	12.33446
2/10/2023 6:54:00 PM	23.6833333333333	41.53685	37.81182	37.12928	34.13641	28.12239	29.62274	31.67502	28.31374	25.89092	28.64261	26.6307	23.20494	18.37221	17.47983	17.30812	19.7299	13.69775	12.93088	13.41937	12.68191	11.20826	10.03696	11.57185	11.3533
2/10/2023 8:15:00 PM	25.0333333333333	43.07904	39.07918	37.05883	34.3321	27.67102	29.41613	30.85633	28.4461	25.72929	28.53819	26.39542	23.00697	18.22598	16.96857	17.18165	19.41474	13.63929	12.51771	13.31044	12.47941	10.63996	9.696477	11.29983	11.06327
2/10/2023 10:54:00 PM	27.6833333333333	45.23489	39.60357	37.70048	34.53954	26.96405	28.91454	30.61535	27.73509	25.53136	27.93193	25.31031	22.29795	18.09135	16.61514	16.86756	19.12257	12.64146	11.83245	12.67363	12.04253	10.30694	9.246585	10.4199	10.23298
2/11/2023 2:54:00 AM	31.6833333333333	47.13771	40.72685	36.68346	34.5723	26.11562	27.86404	29.37444	25.52586	24.56617	27.13784	24.33714	21.11629	17.32465	15.62222	16.53163	17.52386	12.3549	11.15737	12.13527	11.8057	9.564418	8.484715	9.448798	9.641023
2/11/2023 6:54:00 AM	35.6833333333333	51.17107	41.952	37.22318	34.79502	25.48203	26.75213	28.47924	24.979	22.332	25.90788	22.53861	20.04511	16.98694	15.12154	15.95337	17.20436	12.05124	10.88738	11.7831	11.9025	8.80477	7.96083	8.668868	8.926753
2/11/2023 10:54:00 AM	39.6833333333333	55.06334	46.57895	39.80998	36.00457	25.31035	26.61357	27.16028	24.48725	21.67572	24.20773	21.75819	19.51035	16.63826	14.51168	15.51739	16.88187	12.41136	10.66748	11.45632	11.73237	8.262323	7.57686	8.189299	8.415853
2/11/2023 2:01:00 PM	42.8	60.09788	51.47373	42.27088	38.03495	26.11371	27.29795	26.67037	24.2859	20.82566	22.87817	22.08379	19.52832	17.22875	14.16569	15.45165	16.73914	12.45387	10.67627	11.42376	12.08119	8.287986	7.524387	8.109298	8.301544
2/11/2023 5:20:00 PM	46.1166666666667	67.08888	56.05074	44.95957	40.06444	26.92603	28.72149	26.11308	24.20676	21.13391	21.53398	21.80521	19.90749	17.11847	14.00103	14.96118	16.66577	12.98782	10.5846	12.11905	12.73859	8.398495	7.549546	8.060884	8.224512
2/11/2023 8:25:00 PM	49.2	69.96674	57.39292	48.38823	42.2348	26.34941	30.49092	25.01102	24.11633	20.94926	21.00118	21.01725	19.74275	16.85742	14.1893	14.66473	17.15283	13.28486	10.91991	12.07082	12.91387	8.402402	7.656136	8.033867	8.248408
2/11/2023 10:37:00 PM	51.4	72.63219	61.47638	51.9197	44.9157	27.22748	31.5096	24.51002	23.97172	20.14217	20.04657	20.31389	19.53932	16.3293	13.49484	13.8025	16.3839	12.82457	10.93868	11.83809	12.7771	8.255999	7.478548	7.767028	8.060395
2/12/2023 2:54:00 AM	55.6833333333333	77.29045	71.09409	59.72733	50.93406	29.22714	36.61584	24.17053	26.27345	19.93038	18.78426	19.08057	19.59953	15.39627	13.11003	13.21483	15.94137	12.45108	10.06069	11.57205	12.76438	8.121788	7.325823	7.6441	7.914775
2/12/2023 6:54:00 AM	59.6833333333333	79.37244	77.79123	65.2207	58.64214	33.25652	43.00333	25.13101	30.26574	20.17521	17.75073	19.25972	20.76886	15.03308	12.29124	12.60438	15.74424	12.01633	9.742511	10.89954	12.37636	8.033874	7.071554	7.327142	7.76853
2/12/2023 10:54:00 AM	63.6833333333333	81.06054	80.75742	70.25153	67.31641	38.21818	51.21147	26.5564	35.77184	21.20576	17.76203	19.60682	22.76337	14.38805	12.02185	12.04822	15.55607	11.75633	9.610303	10.70396	12.11649	7.967404	7.070971	7.058294	7.575054
2/12/2023 5:20:00 PM	70.1166666666667	85.89202	85.47609	78.91178	80.10157	47.74321	65.95213	32.65694	47.59801	26.07414	19.54048	22.42274	28.79043	13.58313	11.40524	11.95253	14.75859	11.38252	9.037383	10.50392	11.8989	7.928173	6.924154	6.919873	7.553469
2/12/2023 8:25:00 PM	73.2	85.85126	88.25188	83.73982	87.11594	53.90782	71.3776	35.57303	54.3719	30.12034	21.09933	25.57423	33.55907	13.39964	11.51227	12.08491	15.16656	11.28383	9.051993	10.17186	11.49042	7.935726	6.955517	6.953747	7.553854
2/12/2023 10:37:00 PM	75.4	89.56566	92.03461	89.77815	91.73994	59.10908	75.49876	39.61691	61.07529	33.48971	23.45647	28.62423	37.33961	13.80754	11.66259	12.11287	15.7074	11.32606	8.74331	9.819632	11.17481	8.025856	6.960087	6.917893	7.607238
2/13/2023 2:54:00 AM	79.6833333333333	90.63012	97.3055	100.4806	98.98064	69.62836	87.05229	45.83551	68.93627	39.49977	27.90109	35.17842	44.90736	14.84658	11.73958	12.43012	16.86645	11.0732	8.479241	9.619353	10.8955	8.045887	7.00682	6.818547	7.614477
2/13/2023 6:54:00 AM	83.6833333333333	89.01402	96.85429	106.2957	104.1341	74.89923	87.13519	52.27638	78.55294	45.04317	32.55912	41.60188	52.99457	16.48208	12.91494	13.20482	19.00363	10.74759	8.293396	9.296206	10.83571	8.188828	7.095709	6.910721	7.669155
2/13/2023 10:54:00 AM	87.6833333333333	88.27024	95.89932	107.917	109.1207	78.88581	91.6184	57.22121	83.95023	49.93507	38.21854	47.08064	61.90092	19.44577	14.4825	14.27712	22.41545	10.71809	8.449695	8.837822	10.55182	8.434963	7.238598	7.16884	7.811438
