Vessel Name: AS_P11
Date Time	Elapsed	A1	B1	C1	D1	A2	B2	C2	D2	A3	B3	C3	D3	A4	B4	C4	D4	A5	B5	C5	D5	A6	B6	C6	D6
1/28/2023 9:05:00 PM	0	39.64912	26.53797	29.03564	27.5745	29.15421	17.50525	20.81243	29.49735	31.81445	18.42973	15.1956	33.36634	31.29739	18.49114	17.18886	33.58203	32.86779	24.93937	23.8106	33.00921	34.23134	31.55672	32.44531	33.86552
1/29/2023 1:05:00 AM	4	42.25412	29.12981	31.81186	30.24533	31.52383	18.90327	22.65892	31.91004	34.51652	20.37767	17.06356	35.77666	33.80633	20.59925	18.98485	35.46569	34.62153	26.55305	25.5448	34.4721	35.06386	32.67167	33.57613	35.74948
1/29/2023 5:05:00 AM	8	45.90729	32.65398	35.43944	32.76707	33.17726	20.6508	24.11718	33.70271	35.59363	21.38779	17.93832	37.66072	35.13469	21.57304	19.80115	36.29654	36.18674	27.6174	26.73771	35.6394	37.72546	35.46894	36.22018	38.32672
1/29/2023 9:05:00 AM	12	49.99617	36.17711	38.58134	35.06748	35.30462	22.3716	26.10234	35.78128	36.89622	22.12035	18.58394	38.7462	35.13665	21.55542	19.77332	37.6584	36.10557	27.6131	26.11168	35.28926	39.93068	38.16467	39.50488	40.79724
1/30/2023 12:26:00 AM	27.35	64.99887	52.20063	51.93036	46.32339	44.38821	29.6365	34.053	44.38658	42.47002	26.91595	22.11131	43.82088	38.10252	22.93959	21.75091	39.43826	36.6532	28.60167	26.3116	35.57823	50.29991	47.98946	48.65065	49.98528
1/30/2023 4:26:00 AM	31.35	68.66026	57.50336	55.97322	49.66588	47.72547	32.1245	36.9723	47.34787	44.5173	28.5223	22.86917	44.74424	38.09867	22.90502	21.97927	39.45346	35.95589	28.15803	26.01912	35.48612	52.86714	50.29541	50.86211	52.1252
1/30/2023 8:26:00 AM	35.35	72.29145	62.2664	60.00634	53.43449	51.49569	34.7896	39.49199	50.91952	45.94182	29.5202	23.87069	46.47329	37.89068	22.97654	21.84971	39.47156	35.56342	27.67741	25.41732	34.71488	55.15894	53.24176	53.87421	54.23595
1/30/2023 12:26:00 PM	39.35	75.34044	67.05228	64.61451	57.35782	54.90828	37.8469	42.8239	54.88818	47.37177	31.15907	25.07363	48.16297	38.00606	23.03125	22.03483	39.87632	35.42868	26.75801	25.49649	34.20823	58.39187	55.25384	57.34945	57.02007
