Vessel Name: AS_P11
Date Time	Elapsed	A1	B1	C1	D1	A2	B2	C2	D2	A3	B3	C3	D3	A4	B4	C4	D4	A5	B5	C5	D5	A6	B6	C6	D6
1/28/2023 9:05:00 PM	0	11.36353	9.910649	10.07386	9.825518	10.98663	10.02868	8.579853	9.558037	10.50014	9.632716	9.381077	9.340598	10.24314	9.468757	9.505786	9.52243	9.997308	9.396109	9.129661	9.545547	10.97712	10.8654	10.8024	10.94128
1/29/2023 1:05:00 AM	4	9.07711	8.545786	8.693117	8.607245	5.545552	5.226892	5.033357	5.864414	4.834377	4.429131	4.360344	4.917843	4.377859	4.098734	4.04596	4.470704	4.023285	3.867336	3.871287	4.231306	7.633152	7.862793	7.6231	7.782869
1/29/2023 5:05:00 AM	8	8.843886	8.368433	8.544629	8.35384	5.079214	4.679954	4.592555	5.372502	4.146315	3.81358	3.721976	4.164757	3.585093	3.5093	3.406311	3.651241	3.438834	3.304172	3.263556	3.498382	7.413825	7.48206	7.491214	7.77329
1/29/2023 9:05:00 AM	12	8.777618	8.218053	8.532829	8.150883	4.563564	4.191892	4.179085	4.889959	3.576134	3.328598	3.276704	3.609	3.09126	3.042698	2.978817	3.167224	2.974686	2.890281	2.866401	3.018945	7.413709	7.205029	7.551872	7.771664
1/30/2023 12:26:00 AM	27.35	8.986571	8.376497	8.567526	8.458301	5.017376	4.328265	4.347501	5.28311	3.509724	3.181455	3.149417	3.620333	2.930148	2.800577	2.768332	3.023751	2.837503	2.733012	2.716731	2.906498	7.768706	7.45513	7.552231	8.163617
1/30/2023 4:26:00 AM	31.35	8.946774	8.411147	8.515182	8.356491	5.410923	4.517749	4.596108	5.565281	3.684848	3.250588	3.183514	3.774579	3.021376	2.831293	2.783776	3.113722	2.869636	2.756304	2.723907	2.948566	7.597304	7.271552	7.281723	7.673039
1/30/2023 8:26:00 AM	35.35	8.935921	8.529206	8.470435	8.247108	5.886933	4.804319	4.958528	5.896769	3.906349	3.376858	3.278489	3.985913	3.11161	2.909168	2.817139	3.200921	2.913621	2.763232	2.74524	2.988495	7.551425	7.330182	7.113746	7.598619
1/30/2023 12:26:00 PM	39.35	9.087989	8.699347	8.601185	8.27504	6.308422	5.200933	5.279504	6.292664	4.13638	3.567138	3.378694	4.289054	3.245484	2.955797	2.883276	3.340757	2.949228	2.773424	2.754802	3.074709	7.370813	7.206094	6.965134	7.539926
