Vessel Name: AS_P11
Date Time	Elapsed	A1	B1	C1	D1	A2	B2	C2	D2	A3	B3	C3	D3	A4	B4	C4	D4	A5	B5	C5	D5	A6	B6	C6	D6
1/28/2023 9:05:00 PM	0	2.716626E+08	1.42019E+08	1.661957E+08	1.702627E+08	2.024291E+08	9.269418E+07	9.526703E+07	1.745905E+08	2.158586E+08	9.947408E+07	7.718626E+07	1.851674E+08	1.950984E+08	1.035223E+08	9.039379E+07	1.966981E+08	2.078215E+08	1.351167E+08	1.242806E+08	2.213498E+08	2.5408E+08	1.938711E+08	2.086054E+08	2.323483E+08
1/29/2023 1:05:00 AM	4	2.450301E+08	1.351129E+08	1.62739E+08	1.801291E+08	6.682858E+07	3.339985E+07	3.833921E+07	6.85918E+07	5.411202E+07	2.788189E+07	2.380548E+07	5.408432E+07	4.266387E+07	2.480731E+07	2.342302E+07	4.541995E+07	4.193043E+07	3.019404E+07	2.934978E+07	4.703218E+07	1.729777E+08	1.455093E+08	1.420713E+08	1.649484E+08
1/29/2023 5:05:00 AM	8	2.607028E+08	1.468772E+08	1.782348E+08	1.867087E+08	5.18263E+07	2.812346E+07	3.160347E+07	5.242012E+07	3.81454E+07	2.272405E+07	1.991523E+07	3.828573E+07	3.131911E+07	1.994589E+07	1.922684E+07	3.309034E+07	3.221871E+07	2.435498E+07	2.353077E+07	3.300203E+07	1.543135E+08	1.340814E+08	1.247938E+08	1.468753E+08
1/29/2023 9:05:00 AM	12	2.828692E+08	1.615151E+08	1.952497E+08	2.009087E+08	4.882433E+07	2.729328E+07	3.105764E+07	4.890972E+07	3.493288E+07	2.19006E+07	1.924924E+07	3.554528E+07	2.999062E+07	1.920798E+07	1.835421E+07	3.186879E+07	3.104124E+07	2.351389E+07	2.273792E+07	3.127956E+07	1.456076E+08	1.238117E+08	1.160964E+08	1.388809E+08
1/30/2023 12:26:00 AM	27.35	5.14688E+08	3.063285E+08	3.519631E+08	3.836586E+08	7.455835E+07	3.917821E+07	4.448878E+07	7.758282E+07	4.462821E+07	2.704593E+07	2.303187E+07	4.491833E+07	3.48225E+07	2.109672E+07	2.067065E+07	3.716543E+07	3.464249E+07	2.596466E+07	2.526601E+07	3.49477E+07	1.850353E+08	1.366261E+08	1.362865E+08	1.777416E+08
1/30/2023 4:26:00 AM	31.35	5.475904E+08	3.347862E+08	3.854033E+08	4.155263E+08	8.388018E+07	4.395513E+07	4.968548E+07	9.056058E+07	5.028334E+07	2.966473E+07	2.443834E+07	4.956915E+07	3.645299E+07	2.219365E+07	2.151829E+07	4.036036E+07	3.754213E+07	2.791198E+07	2.649571E+07	3.839709E+07	1.762151E+08	1.234921E+08	1.250401E+08	1.674409E+08
1/30/2023 8:26:00 AM	35.35	5.842659E+08	3.709945E+08	4.152659E+08	4.534884E+08	9.931299E+07	4.946742E+07	5.742382E+07	1.024941E+08	5.581098E+07	3.225033E+07	2.675601E+07	5.656207E+07	4.119868E+07	2.424669E+07	2.295655E+07	4.435181E+07	4.070218E+07	2.920031E+07	2.794094E+07	4.184637E+07	1.660648E+08	1.177311E+08	1.195074E+08	1.578633E+08
1/30/2023 12:26:00 PM	39.35	6.144423E+08	4.057989E+08	4.415523E+08	4.740968E+08	1.13946E+08	5.734425E+07	6.579994E+07	1.197637E+08	6.257978E+07	3.626466E+07	2.933819E+07	6.510306E+07	4.578593E+07	2.62906E+07	2.486599E+07	4.979636E+07	4.427081E+07	3.078685E+07	2.969925E+07	4.546336E+07	1.58498E+08	1.109791E+08	1.144085E+08	1.494085E+08
