Vessel Name: AS_P13
Date Time	Elapsed	A1	B1	C1	D1	A2	B2	C2	D2	A3	B3	C3	D3	A4	B4	C4	D4	A5	B5	C5	D5	A6	B6	C6	D6
2/8/2023 5:50:00 PM	0	3.98922	3.81419	3.730928	3.892467	3.885886	3.910092	3.872126	3.631057	3.873502	3.791265	3.96382	3.722121	3.936061	3.719957	3.966175	3.906525	3.868529	3.90617	3.819424	4.042034	3.895932	3.856872	3.923183	3.84891
2/8/2023 8:14:00 PM	2.4	4.245551	3.800794	3.827901	3.931789	4.018817	3.971535	3.930927	3.510798	4.036535	4.149592	4.296014	3.761377	4.169061	3.951705	4.167746	3.917058	4.030532	4.189592	4.048278	4.089526	4.224138	4.066798	4.119006	4.023656
2/8/2023 10:14:00 PM	4.4	3.871974	3.669522	3.636031	3.743222	3.753176	3.704835	3.705269	3.264759	3.693804	3.628814	3.815422	3.509407	3.826013	3.569372	3.753842	3.656687	3.656424	3.666068	3.597136	3.755044	3.580383	3.416557	3.507674	3.360147
2/9/2023 12:14:00 AM	6.4	3.847533	3.63413	3.59996	3.726566	3.746483	3.61249	3.677034	3.24752	3.660228	3.568905	3.736897	3.433348	3.765978	3.500232	3.624529	3.568942	3.565413	3.512492	3.444294	3.545899	2.074249	1.992301	2.058258	1.927379
2/9/2023 2:14:00 AM	8.4	3.663889	3.478682	3.448628	3.628556	3.559052	3.412975	3.517213	3.109055	3.483901	3.393122	3.563927	3.214707	3.526813	3.287506	3.379249	3.35646	3.282266	3.191417	3.157971	3.161168	1.117031	1.047168	1.208905	1.131671
2/9/2023 4:14:00 AM	10.4	3.452254	3.341009	3.344028	3.506411	3.337902	3.200064	3.363234	2.933823	3.236012	3.139913	3.34297	3.036904	3.194244	2.986968	3.089776	3.119408	2.825433	2.712652	2.680167	2.72118	0.6107902	0.5492426	0.6769618	0.651231
2/9/2023 6:14:00 AM	12.4	3.335175	3.23963	3.31062	3.441794	3.186341	3.024956	3.262362	2.854668	3.054323	2.906754	3.201354	2.903468	2.917331	2.70896	2.804184	2.896778	2.286117	2.196802	2.180598	2.175863	0.3329637	0.3050875	0.3914983	0.3861856
2/9/2023 8:14:00 AM	14.4	3.31795	3.205529	3.311391	3.499147	3.208091	2.933345	3.290879	2.850994	2.960544	2.796523	3.074817	2.840946	2.717025	2.502605	2.605564	2.705196	1.768222	1.641999	1.72947	1.706591	0.2062964	0.1869231	0.2512807	0.2457367
2/9/2023 10:14:00 AM	16.4	3.340605	3.252063	3.369637	3.589601	3.178933	2.93235	3.356091	2.870994	2.971775	2.753421	3.06703	2.830321	2.521229	2.302145	2.403893	2.471655	1.279577	1.17407	1.339363	1.297153	0.1417201	0.1278507	0.1767468	0.1734014
2/9/2023 12:14:00 PM	18.4	3.372293	3.278033	3.463768	3.594476	3.16286	2.934145	3.383317	2.891285	2.94734	2.710052	3.066786	2.780554	2.293218	2.061998	2.155504	2.198851	0.9245028	0.8288838	1.018558	0.9538102	0.1115275	0.09940768	0.1336617	0.1324239
2/9/2023 2:14:00 PM	20.4	3.406831	3.285151	3.551281	3.636983	3.18558	2.921356	3.397504	2.943106	2.914046	2.687436	3.021892	2.754658	1.992343	1.766986	1.88534	1.910441	0.6673492	0.5743276	0.7687579	0.7005176	0.09296373	0.08495988	0.1126613	0.1126528
2/9/2023 4:14:00 PM	22.4	3.437171	3.337482	3.537753	3.653428	3.162917	2.927661	3.366591	2.933686	2.869965	2.637306	2.98232	2.71675	1.612102	1.410722	1.589524	1.576739	0.4754503	0.3976251	0.5721675	0.5311209	0.08236529	0.0775556	0.09850333	0.1033017
2/9/2023 6:14:00 PM	24.4	3.492038	3.308877	3.585836	3.702477	3.197124	2.932828	3.395277	2.969686	2.869646	2.59588	2.897827	2.689246	1.234514	1.071767	1.257029	1.250446	0.3536785	0.2824939	0.446938	0.3976634	0.07555594	0.07287604	0.09162085	0.09497555
2/9/2023 10:14:00 PM	28.4	3.566751	3.414659	3.619087	3.926708	3.155517	3.088883	3.44263	3.033779	2.871076	2.546933	2.800394	2.624614	0.6114557	0.5575454	0.745937	0.7589436	0.2030067	0.160958	0.2963453	0.2430692	0.0744127	0.07034986	0.0925611	0.09384322
2/10/2023 12:14:00 AM	30.4	3.558377	3.386671	3.536335	3.897204	3.124521	3.063748	3.456317	2.984206	2.691349	2.397921	2.60145	2.487489	0.4213622	0.3720517	0.5522051	0.5517555	0.1536915	0.1233598	0.2355608	0.1900998	0.06914685	0.06811823	0.09081759	0.08775844
2/10/2023 2:14:00 AM	32.4	3.504055	3.292711	3.521346	3.855908	3.086722	3.042124	3.464874	2.944673	2.367897	2.19239	2.375939	2.279729	0.2913947	0.2611036	0.4152023	0.4225398	0.1270044	0.1054502	0.195287	0.1588367	0.06919301	0.06860733	0.08912639	0.09077306
2/10/2023 4:14:00 AM	34.4	3.441666	3.347878	3.52844	3.822049	3.07515	3.035153	3.453539	2.945393	1.835809	1.811066	2.112129	2.021765	0.2075399	0.1830743	0.2973456	0.3086932	0.1082719	0.09376596	0.1630422	0.1332332	0.0697371	0.06796294	0.08574468	0.09192741
2/10/2023 6:14:00 AM	36.4	3.403636	3.371904	3.49817	3.935757	3.052046	2.950125	3.446557	2.89357	1.259074	1.377259	1.764316	1.692706	0.1524971	0.1453433	0.2254401	0.2364094	0.09965689	0.08705125	0.1399262	0.1198887	0.07144646	0.06943383	0.08627956	0.09454096
2/10/2023 8:14:00 AM	38.4	3.414224	3.352329	3.437131	3.868948	2.980019	2.831627	3.341238	2.835576	0.7665364	0.9039916	1.346353	1.30907	0.1205132	0.1046057	0.175847	0.181138	0.09232708	0.08122255	0.1240485	0.108708	0.07018704	0.07038364	0.08711446	0.09716929
2/10/2023 10:14:00 AM	40.4	3.336821	3.263885	3.401948	3.8271	2.916286	2.787068	3.250067	2.795493	0.4626514	0.5660024	0.9830689	0.9759083	0.1061064	0.0893385	0.1482772	0.1454629	0.09732738	0.08397151	0.1146868	0.104011	0.07189419	0.06990002	0.08920944	0.09862109
2/10/2023 12:14:00 PM	42.4	3.357609	3.185625	3.386781	3.866977	2.823851	2.655137	3.085512	2.664942	0.2821992	0.3249992	0.6536538	0.6479051	0.09497131	0.08176152	0.1248547	0.1245773	0.09908643	0.08167545	0.1109493	0.09786353	0.07476549	0.07260356	0.09212442	0.1024638
2/10/2023 4:14:00 PM	46.4	3.299357	3.106033	3.312383	3.834028	2.6047	2.330669	2.81042	2.391966	0.1426278	0.1266422	0.2803441	0.2777945	0.09658565	0.07581971	0.1089617	0.1066945	0.09441566	0.0897104	0.1113914	0.0980963	0.08617663	0.07924829	0.100387	0.1141526
2/10/2023 6:14:00 PM	48.4	3.20735	3.000125	3.234654	3.737595	2.331529	2.105251	2.573583	2.166613	0.1066519	0.08670063	0.1846462	0.1734315	0.09248668	0.07405277	0.1005897	0.09743423	0.09516555	0.08710849	0.1097285	0.09647181	0.08920196	0.08403706	0.1036148	0.1181672
2/10/2023 10:14:00 PM	52.4	3.286926	2.894862	3.115959	3.638839	1.483323	1.438309	2.17252	1.802605	0.07030398	0.05880462	0.103594	0.08492088	0.09446557	0.0725529	0.09487228	0.09688805	0.09998414	0.08531887	0.1059742	0.09896782	0.09748787	0.09129936	0.1146747	0.1325738
2/11/2023 12:14:00 AM	54.4	3.296368	2.848059	3.015463	3.589722	0.9387322	0.9802651	1.854971	1.518309	0.06153212	0.0509705	0.08541077	0.07011715	0.09668034	0.07335662	0.09349349	0.09420235	0.1020991	0.08556136	0.10606	0.1016692	0.1027326	0.09484756	0.122284	0.139824
2/11/2023 2:14:00 AM	56.4	3.382051	2.866132	3.032455	3.600311	0.6157217	0.6124163	1.556308	1.180152	0.05808541	0.04631159	0.07705792	0.0583992	0.09822209	0.07686744	0.09445593	0.09409747	0.1040299	0.08503486	0.1058722	0.1013753	0.1094311	0.1008249	0.1268657	0.1521968
2/11/2023 4:14:00 AM	58.4	3.43868	2.797672	3.069451	3.63461	0.426911	0.3820552	1.175716	0.8295012	0.05576239	0.04387739	0.06844447	0.05319953	0.09871114	0.0759024	0.09491876	0.0945669	0.1060494	0.08683969	0.1090567	0.1045717	0.1127715	0.10591	0.1358226	0.1627193
2/11/2023 6:14:00 AM	60.4	3.663448	2.830103	3.118509	3.660448	0.317074	0.249426	0.8342988	0.5576149	0.05304402	0.0416389	0.06251638	0.04942337	0.1010979	0.08074233	0.09721134	0.09412003	0.1092821	0.09083395	0.1106724	0.1094524	0.1208402	0.1102286	0.1427424	0.1740175
2/11/2023 8:14:00 AM	62.4	3.723813	2.873965	3.106731	3.70003	0.2363871	0.1718098	0.5484328	0.37827	0.05093845	0.04114692	0.05910975	0.04586715	0.1045297	0.08095693	0.0978087	0.09475045	0.111674	0.09381372	0.112516	0.1107026	0.1259914	0.116519	0.150803	0.1851774
2/11/2023 10:14:00 AM	64.4	4.023104	2.850668	3.199978	3.795428	0.1847249	0.1237396	0.3709515	0.2760349	0.05069219	0.03925041	0.05762972	0.04478718	0.107411	0.08335042	0.1006515	0.09266634	0.1159796	0.09868519	0.1189177	0.1146244	0.1319378	0.1211958	0.1581338	0.1966719
2/11/2023 12:14:00 PM	66.4	4.037505	2.898978	3.185117	3.854619	0.1512728	0.09425033	0.2588564	0.2093245	0.05114192	0.03915844	0.05730946	0.04304965	0.1097685	0.0867084	0.1047624	0.09578116	0.125641	0.1009139	0.1208427	0.1198018	0.1378795	0.1281081	0.1661311	0.208661
2/11/2023 4:14:00 PM	70.4	4.17178	2.829399	3.019892	3.496683	0.1142637	0.06765321	0.1493126	0.1409012	0.05143643	0.03973221	0.06246455	0.04956894	0.1200529	0.09382581	0.1092484	0.1105933	0.1333743	0.1072762	0.1294373	0.1460998	0.1496806	0.1429416	0.1881398	0.2499038
